element_id,material_id,x_centroid,y_centroid,sigma_x,sigma_y,tau_xy,sigma_vm,eps_x,eps_y,gamma_xy,max_shear_strain,vp_shear_strain,plastic,yield_function
1,1,10.32520495930263,1.5924767792740238,105.53427806787276,158.7170183895934,-37.76671616206406,89.56764819946092,0.0002200376385147547,-0.0012671910370333078,-0.0018529356772037653,0.001187983560200542,0.0005899750570112081,False,-0.00877378916201188
2,1,1.9041985467448381,2.6930350492027024,77.69975721420519,45.37754271002475,-7.131170013834637,37.27620019142206,-0.00048690899020124547,-6.672020164689952e-05,-0.0001854104203597004,0.0002296386520191721,0.0,False,-9.457912320346898
3,1,14.748051054395916,13.77831331062471,-1.2080084247414828,15.67001756217706,1.535041074633525,14.932094619575253,9.021767785177826e-05,-0.0001291966599781258,3.9911067940101574e-05,0.00011150733719071436,0.0,False,-3.658179994349613
4,1,13.478927289641085,1.5813220895054734,111.61815703103846,186.9096396811431,-29.528424705714702,93.16571319052252,0.0003544258811431502,-0.0014613240853534166,-0.0012937771163508691,0.0011147653528462227,0.0004943666547162147,False,-0.3655550151651408
5,1,9.070369472437967,0.3736931678715898,116.85766795575209,167.883382590932,-42.48801357386286,96.65397999039936,6.105023389262119e-05,-0.0012161001358924125,-0.001864680526635272,0.0011300604556233754,0.0004884778328230723,False,-0.2730491810092541
6,1,12.24205647870501,0.3629405732216527,120.9252923580753,195.79546875166668,-35.112531866572326,100.20379557537609,7.309270395874749e-05,-0.0012752865622281087,-0.0012103033080613531,0.000905947120833614,0.000239362487664029,False,-0.09541135601491213
7,1,8.733479697939972,0.7811973715946211,111.08202742438395,159.40413363168952,-41.78195580269699,93.8463725173903,9.360065932236049e-05,-0.0012023952465155718,-0.001967429709730614,0.0011779627594579731,0.0005528678362005392,False,-0.00951531552310847
8,1,11.9281700099722,0.7704558780976195,116.97830539458698,186.78014626103513,-35.62054252128596,97.24918383527832,0.0001701828915328541,-0.0013319820230447046,-0.001425783038321496,0.0010355381092641016,0.0003884470564555959,False,-0.19103886582918328
9,1,7.4592932607102,1.2192871700707373,104.00493260788116,142.69575946931303,-41.94678676998104,89.60927343895446,-0.00014038726979611357,-0.0009088305009717552,-0.0014823283109223601,0.0008348356456365525,0.0002365978603284088,False,-0.07450418153207217
10,1,7.036551593178338,1.5929062269842682,105.08086313877403,132.1080310535475,-41.912470905422175,85.9412108638354,-0.00032873488653876754,-0.0007008372807509988,-0.0011200072477641227,0.0005901009292533438,1.835521235472566e-05,False,-1.5683737312044759
11,1,14.50389298888352,1.6002918300452762,113.23167849079161,195.81808506681318,-24.81443735741406,93.975428264468,0.0003349867121184152,-0.0014589346552310554,-0.0010010581179813944,0.0010271649365863117,0.00040181447635835474,False,-0.6091921088569716
12,1,8.263033297094049,6.3298465134421065,32.20458912759857,51.54190203092963,-24.0441126160071,47.00895931837361,0.1481192982205886,-0.14848240146143277,-0.7157839847235005,0.38740136842844153,0.3873801182704417,True,2.76092686457841
13,1,10.732222498604436,1.2310624170802689,110.32864180243625,168.13923675996753,-37.946806774095684,92.68996320087928,0.0002621841676929454,-0.0013544937027651807,-0.0018785764475859076,0.0012392232250742308,0.0006213634485521816,False,-0.01700689386968257
14,1,14.948816139498406,1.2687212595287007,116.19616921153272,202.66330980154518,-23.3766129788084,95.91655091315386,0.00024581887597402863,-0.0013948782304948706,-0.0008373082423724354,0.0009210010977083897,0.00028271518151757203,False,-0.4818464277306074
15,1,14.910608643169136,14.384986491082252,-3.988099603914031,6.907373013326978,3.7703026378583124,11.47527015540895,7.150681093426314e-05,-7.013433308988848e-05,9.802786858392754e-05,8.61273427831984e-05,0.0,False,-4.2511773327143425
16,1,15.99572822449116,1.2290129923073454,117.18686454948062,210.46517366952384,-19.02610854193392,98.48917537294521,0.00020284399624378644,-0.0013910488414145968,-0.0006237609976570913,0.0008557996494707249,0.00020130504936748467,False,-0.578701079138062
17,1,5.91228364729675,1.619601369833055,100.18669617720397,118.30005312537287,-37.66397564060109,76.8715634295131,-0.000369969715789481,-0.000605443356115677,-0.000979263366655628,0.000503588268469934,0.0,False,-5.043538239835486
18,1,6.392330862321562,1.2710884854470048,101.97588708072863,131.72737940245875,-41.27846552072631,85.58788252541754,-0.0003014458345830472,-0.0007220718365393433,-0.0011267489006979532,0.0006013504217063842,3.166025380005229e-05,False,-1.524489570393749
19,1,15.552221029760512,1.5849993273345853,114.07093002999744,202.49628424953434,-20.766040996407778,95.36037925155757,0.00029606700839883264,-0.0014399588974678044,-0.0007614621887650438,0.0009478410482194428,0.00031354179576537663,False,-0.6100135378863367
20,1,13.915362589262111,1.2390864237137473,115.21546642230324,195.8089121407276,-28.320428448907236,95.96515704384917,0.0002581767685887133,-0.0014009037574783426,-0.0010873766671522205,0.0009918336816525754,0.0003525519239570528,False,-0.16421349874336322
21,1,14.75674792162995,10.917396317537206,17.795721946042626,55.88045279172042,-4.002660291293664,34.947331285568616,0.07576388569712425,-0.07600418119827945,-0.03475917602590331,0.07784880610383095,0.07784783410741851,True,0.44112491445664403
22,1,18.372646814416516,0.3301786664635356,126.66351367585887,233.28565245079392,-8.157078247269242,106.3630664867475,4.55716181705793e-05,-0.0013680691713015686,-0.00021595901206683272,0.0007150207298659809,1.3912067208323779e-05,False,-1.5417362264458188
23,1,1.8795615426354269,3.367392133672375,71.75454312553165,30.191503685681493,-2.9620793779162007,40.58712895677172,-0.0005046570588105272,3.5662453907524955e-05,-7.701406382582129e-05,0.00027289024435239576,0.0,False,-5.729943038166457
24,1,8.880881038951136,6.497409429083352,36.38516646408644,57.70061043076649,-24.96770560476517,49.473396510313286,0.1465254127270887,-0.14692542158986843,-0.70554860278924,0.3820707470675971,0.3819665502629965,True,2.7496590885527628
25,1,18.434000068808857,5.913152423486157,81.70364730789456,157.66945884358583,-4.823950589650896,74.88810602946205,0.0012293414439919152,-0.0021338700227149354,-0.00034668557793189874,0.0016905163604454129,0.0011930789758869053,False,-3.105219528838651
26,1,8.069056747560925,5.723921295470093,43.80540116293723,59.565175544861376,-28.554999233252847,54.14454894452197,0.12906558248695288,-0.12951530761450736,-0.9511009759725825,0.49281262748169874,0.4925613906541322,True,3.549925040884821
27,1,16.7117728047852,2.130691736835576,110.39278497115049,202.70681801639972,-15.59176275097837,95.2075719356563,0.00035931393108602707,-0.0015056049652484118,-0.000579065205445341,0.0009763758244219688,0.0003436297087755472,False,-0.8180908796113737
28,1,18.72378982641064,6.4540370401456135,72.43154015648363,148.11604543979286,-6.527571510478971,73.72508157078546,0.0014733107149901333,-0.0023001973068738257,-0.00036758053893256714,0.0018956844571073534,0.0013983980669987272,False,-0.3766112217871278
29,1,4.834617652176767,1.6358325852504503,94.39454397547739,103.64714356781192,-33.151773025695384,67.57790589087672,-0.0003912118967064136,-0.0005114956914067621,-0.0008619460986680799,0.0004351491894387024,0.0,False,-7.017264370092034
30,1,12.587700339333628,8.075820117076558,32.273126194113004,78.50209166470965,-14.02685385154534,49.37880906500886,0.28648247608520583,-0.2868895824225504,-0.3498573771137662,0.3358406250732428,0.33557728567021927,True,2.400917238016765
31,1,18.81355272009449,0.5926615598169489,123.366620874868,231.18576077526558,-5.829264255184879,106.4757433676104,7.600701581191358e-05,-0.0013802686491921545,-0.00015720326359221985,0.0007323680219956162,2.7463424103472882e-05,False,-0.6351252701827317
32,1,1.3535706570577766,2.279677840864189,76.19404765435236,53.33025907378931,-6.097533032866534,31.417491775786193,-0.0004344533924478055,-0.00013722414090048586,-0.00015853585885452958,0.00016843310728455608,0.0,False,-11.126553769144136
33,1,18.74589868189325,8.53117732382613,55.746698246983975,124.53898841482986,-2.523559636868207,65.44864980587823,0.03801970467535126,-0.03871499752499674,-0.006384991036946858,0.03849994361138073,0.03812168705341152,True,0.14383966892630973
34,1,5.324843744293768,1.2796258956705495,97.70791519557271,118.14046814717317,-37.491480683460345,76.97120675789137,-0.00035266772437951013,-0.0006182909127503151,-0.0009747784977699687,0.0005051605680164845,0.0,False,-4.7725366483019815
35,1,14.766183983238648,11.5341237559377,12.942613260154692,48.46909642483507,1.0430789956249713,31.76002843366287,0.02404026134523818,-0.02423969526033931,0.0032230749707059525,0.02419371004054172,0.02397091162098003,True,0.15296646309785977
36,1,18.753270941202498,11.912528610768048,16.026280968089623,61.68039174062503,4.681383308614518,41.85781629169404,0.3648462354667759,-0.36513471523604824,0.14702909859674163,0.37232034064202335,0.37206165745131226,True,2.6616012300373786
37,1,8.232568720267706,0.6972365067937423,109.63156615844996,156.8073475860538,-41.908690986557396,93.48300250519345,8.242752619209916e-05,-0.0011857870395910533,-0.001987297917977246,0.0011787409808415553,0.000555617151322606,False,-0.0003783417054759042
38,1,15.583685566254907,14.641396747492509,-6.493773077997824,8.45035107061059,1.3005373111923528,13.137159894619144,9.876275707210169e-05,-9.551085685943761e-05,3.381397009105669e-05,9.859718764161032e-05,0.0,False,-3.2286468483380872
39,1,17.188151901004698,2.395360229483709,108.26265429293014,201.75668733285002,-13.369656056688136,94.94838484518408,0.00039281585884585156,-0.0015329987222917787,-0.0005014922216301274,0.0009950196291126407,0.0003634789672016376,False,-0.7103531233816067
40,1,2.6135187260397874,1.6521757643172588,82.2745596615324,75.91890462115649,-18.118909334067762,41.645842273640376,-0.0003899434952054537,-0.00030731997968056683,-0.000471091642685762,0.0002391411618302362,0.0,False,-10.329135755911294
41,1,18.492840888468596,11.463782319289257,21.58484527891547,71.10602940866791,4.9167827587576705,45.744732044989725,0.348443681997269,-0.34879327855567865,0.14305989549600567,0.35588112933268906,0.3556387471444713,True,2.544675278803311
42,1,15.1408525012025,13.332619429944204,7.451182432933236,26.878427944961054,-2.6122934417208827,17.989983367320193,0.0002724684140855693,-0.0003890454944855126,-0.00021411330734713574,0.0003476511037002899,0.00021715238975529843,False,-4.7909413390519955
43,1,12.403705496783976,7.472603638270438,40.048135793410644,87.9199695081773,-17.95035069080494,55.02194599189955,0.31564952145595937,-0.3161303351499447,-0.47605833756458477,0.39553044382756836,0.3955687520471516,True,2.799296820957087
44,1,13.169132417933943,8.260548195101636,34.86378120505095,83.24926559389887,-14.00718785936588,51.171411836086726,0.30291672313751694,-0.3033471335875687,-0.3521233523997883,0.35055196450613446,0.35024590376149334,True,2.5334190340757754
45,1,3.1837174563458457,1.3088234642502525,84.28125221210819,90.36196130121907,-24.67327966785733,52.25891182214876,-0.0003454489213061947,-0.00042449813946463617,-0.0006415052713642905,0.0003231786626928025,0.0,False,-8.7903229227252
46,1,11.440499496179479,0.7113838676073486,117.21235540188484,183.9143969945463,-36.959238149885785,97.15794465917843,0.00015610394465540142,-0.0013202649679831017,-0.001516149404686974,0.0010581084754809006,0.0004121688906928831,False,-0.3571194525536239
47,1,3.694355905158526,0.3239300527703259,86.29609425482732,119.68996898144145,-36.159398654240235,77.11429288714471,-0.000141897374402799,-0.0007541580956015196,-0.0011907010914084361,0.0006694460918931445,0.00015372947512769824,False,-1.2795427642011585
48,1,8.03869401269833,4.63871150390885,61.04854541547239,82.07542846006393,-31.791819696909027,62.664293291002764,0.08818474644224061,-0.08880169576126425,-0.5572311053294288,0.2923314495014655,0.2947094248829125,True,1.7794897779769645
49,1,9.777339355948648,1.3501581225222299,107.09330396271616,157.39008258665223,-39.24224563482105,90.43610355735476,0.00018271205826587283,-0.001242512002943104,-0.001950015290261259,0.0012076654396915678,0.0006040742340378481,False,-0.014855753912195624
50,1,6.003819996590926,2.309946478913449,100.03428057112876,104.49600007464055,-34.90533627622435,70.26025627565134,-0.0004336282406552511,-0.000491630594200904,-0.000907538743181833,0.0004546951845447937,0.0,False,-6.70293673804518
51,1,1.5781299079827964,0.3166341241805474,64.87285283451392,104.89346206879317,-16.379458617198612,52.406472007056244,-9.358584953044315e-05,-0.0006138537695760734,-0.0004258659240471639,0.00033616978370056965,0.0,False,-7.983243596637225
52,1,18.48984047401993,9.013676316601723,50.56510803716208,116.56634766103875,-5.27015010578817,62.974463585747415,0.12098927682534624,-0.1216342324362705,-0.032909263891994875,0.12242261524768899,0.1222891286654727,True,0.7697316100701013
53,1,14.299125765698832,10.57376255435785,17.35334691841622,56.21234876435724,-0.363067650160427,34.93291565152616,0.0794903910889242,-0.07973345510784235,-0.01217365926722963,0.07984427214529258,0.08034050644960866,True,0.3222618392489789
54,1,16.910613858067606,12.737925036454046,7.547409333082846,41.35642023616758,6.195697818806273,31.859086430111844,0.17881444993726126,-0.17898405776438553,0.1305739408227533,0.19043983704539688,0.19020855774049092,True,1.3680078037108938
55,1,3.1683280153137505,0.6436985736138465,81.68775868966019,108.2080106347107,-29.60139012751982,64.50965208277263,-0.0002369389001204989,-0.0005874191749623321,-0.0007798787818266709,0.00042750653135263883,5.865060263874741e-06,False,-6.256865540424103
56,1,7.5535063109212475,4.635143911401926,67.9490903886969,72.12076437870283,-33.70331752741208,63.14888679116112,0.019972484281207833,-0.02059158403776029,-0.5686773082925954,0.28506110073346447,0.2849367080113657,True,1.9897437447116086
57,1,16.211863351917376,14.301604461672207,-3.0541172852477545,9.862770154920442,1.4053979185873215,11.453675435334086,0.0031012980726386613,-0.0031105551386061414,0.0023022585406908824,0.003312382628344606,0.0032273291279443037,False,-4.624845561595514
58,1,2.070996035095749,1.3036849978614,77.775443299476,80.81606794630497,-15.63883686997535,37.91281920955118,-0.0003233788521946076,-0.0003629069726033842,-0.00040660975861935873,0.00020426329094305217,0.0,False,-11.115890840070014
59,1,17.52518038791739,14.30745965299779,-9.872801227427583,12.86180501087311,2.3587148628079966,20.11210864600978,0.14709691035218908,-0.1470865244612709,0.0598326156133977,0.15010316053450196,0.15037012367801625,True,1.0367159444936416
60,1,2.104733597085389,0.6364026450240681,72.64963911443607,98.93361032049867,-19.858725341130082,49.87078573538785,-0.00019358409320627393,-0.000535275718885088,-0.0005163268588693824,0.0003095749474073096,0.0,False,-8.81309909678855
61,1,4.37499999999905,4.662559467622636,50.671166176935365,10.026619694927978,-6.68425709836916,38.84365634962723,-0.16626088470864336,0.16595788999564187,-0.12185913962493647,0.1769314586048411,0.18613431572468173,True,0.2638167687607105
62,1,9.386661319620124,6.082883709162583,45.2237808563615,72.89776771727585,-27.384207807696217,56.391758753144686,0.20275905115203297,-0.2032495897708805,-0.8062855506597002,0.45136997178220867,0.4512516382801686,True,3.234297029550035
63,1,12.965205636105571,1.3003835451647061,114.093180160115,188.11885800856385,-31.14581897964734,94.47183946301273,0.0002777295059812183,-0.0014125011653735224,-0.0013176063343368306,0.0010715603313244707,0.00044381645601900086,False,-0.7756982772642811
64,1,4.964826932771804,4.313230661941758,73.28970017242871,43.004539968814,-27.053353932247287,58.08576464472297,-0.07513080281845085,0.07455502697391482,-0.2301379225562894,0.137267358682931,0.13844682858375523,True,0.6843161388045882
65,1,17.839365143249793,5.830887021897603,80.4481028245074,156.12028735683657,-7.366789510181718,74.97346927303197,0.0013399612099653745,-0.0022268252490082116,-0.0005036369818702991,0.0018010841077962434,0.0013009399369362826,False,-2.2515791379044234
66,1,12.381391355341753,6.412926151186898,52.68077456493871,103.46132445502616,-22.068445641011007,62.50869796100926,0.30344005232158755,-0.30402853189924767,-0.5383463322613377,0.40584321303752896,0.40584306814004417,True,2.893925013451293
67,1,16.61781215938243,1.4950895784182936,115.41236314270381,210.81152945600377,-16.171728688176973,98.52794090846528,0.00023055355984966726,-0.001421293955178927,-0.0005337512271588514,0.0008679704179002475,0.00021353324357500526,False,-0.6683692171972861
68,1,5.46530159484622,2.6407633019643684,98.19288509269444,90.04639652102952,-31.408292665068302,64.31848804369703,-0.000489498951068756,-0.000383594599637112,-0.0008166156092917771,0.0004117270895238548,0.0,False,-7.373928465784706
69,1,4.272178667096944,1.3073811909033448,90.84807340664118,103.1227157437506,-32.246271281854185,65.97849209322372,-0.0003554130524935184,-0.0005149834028759406,-0.0008384030533282092,0.000426726603503705,0.0,False,-6.978320186058012
70,1,3.745835043547307,1.6491301957180138,88.50235682129949,88.62305132944785,-27.091832580393163,56.02019854256111,-0.0003970132641528197,-0.00039858229275874853,-0.0007043876470902222,0.00035219469729968453,0.0,False,-8.263275526887904
71,1,6.068951968181782,3.607325920629174,101.8711632204698,81.00175357218184,-32.14221422950373,67.20852218034996,-0.0005815256659210855,-0.0002772502221803333,-0.0008901952071039506,0.00047038044506932824,3.184815137799935e-05,False,-6.058404123109538
72,1,5.5044739882571845,3.3057197158327263,102.60695771157489,71.61792843715361,-29.047723211934258,65.23109043927904,-0.0006339867616383535,-0.0001896612863754633,-0.0008037983666069346,0.00045921589207244593,3.192741694669447e-05,False,-5.746745128520699
73,1,13.421393106703727,11.121071826555491,19.557203039635095,50.6195822023267,-12.5996245903282,36.26135178543473,0.0004532823976747258,-0.0007320776522037331,-0.0009520043824942093,0.0007601629417657841,0.0005027339919753086,False,-0.31509081564456665
74,1,16.878177785677213,14.660207714179698,-10.698585517307642,8.697711228671427,2.4310019210825824,17.340205411790485,0.021992369180930504,-0.02196924281144841,2.3022615373013977e-05,0.021980809010414583,0.022588872245274633,False,-0.14534698620811248
75,1,6.622829251749541,3.2847178120648137,103.92858349630991,84.4424429538909,-34.0400811448793,69.57890965370402,-0.0005679893459347328,-0.00028656109930451563,-0.0009452473613486478,0.0004931263611230745,3.32218135012312e-05,False,-4.302642750375847
76,1,4.344750421720204,2.6509329224784652,93.24796486383278,73.03716470199845,-25.806969867120845,56.54055496644101,-0.0005197370022318811,-0.00025699660012803473,-0.0006709812165451412,0.00036029443232379004,0.0,False,-7.915300182026241
77,1,18.14700260225787,14.647251938818094,-15.287387844330096,6.196481048767181,0.4723087197667987,18.76826081916035,0.2587290890439433,-0.2586686094411961,0.021985649862182433,0.258932301575905,0.2591199503098034,True,1.867082778355062
78,1,12.786434007306475,11.004697079534502,16.614321332848437,31.220371065356662,-7.34211452388089,19.254604057698444,0.00024511262968474057,-0.0004271447995792821,-0.0004000741566893562,0.00039114875113292,0.00026293015346506176,False,-6.698951527115927
79,1,4.883539153435044,2.306624882463875,95.28192756860027,88.73198941554737,-30.126168240318833,61.91694194690791,-0.00046955551514972146,-0.0003844063191600336,-0.00078328037424829,0.0003939474997573381,0.0,False,-7.6705133374843815
80,1,11.76469926155783,11.30875332672045,0.09977899925279665,8.95211704245243,-2.214527603201539,8.649659412502954,4.25405754724828e-05,-7.253981908922347e-05,-5.7577717683110485e-05,6.434028828439062e-05,0.0,False,-6.983916234905224
81,1,13.304102803862042,12.849410279048834,-1.0523268851149559,4.529585672942883,2.7358673839447323,6.76940750184667,3.575340284345252e-05,-3.681146041134564e-05,7.113255198243351e-05,5.080723209032638e-05,0.0,False,-7.049985786157771
82,1,6.596869673569652,2.6522947842174456,103.19606732840631,103.45037973390043,-36.222907749872086,72.16095957332482,-0.00046178528979761314,-0.0004650913510690362,-0.0009417956014966741,0.00047090070212296687,0.0,False,-5.922931345531497
83,1,7.149554055132253,2.283767416674315,104.52215314358928,118.16616911095218,-40.07264889798497,79.78497215344485,-0.0003992160082020163,-0.0005765882157777337,-0.0010418888713476094,0.0005284395235640211,0.0,False,-3.1450798784261824
84,1,12.372774823008058,11.467647179908596,7.3016244456579225,18.44471774400681,-4.438324268662263,12.923366114709506,2.24336062244479e-05,-0.00012242660665329197,-0.00011539643098545938,9.260239948182499e-05,0.0,False,-7.167770526915165
85,1,7.19388842382826,3.639535469043294,111.73577604360335,90.98553249224854,-39.78787733851777,79.54342221061526,-0.0006338680583324963,-0.0002872077714267851,-0.0013217403854836498,0.0006832223285900456,0.00015023714683787436,False,-0.8323062705098092
86,1,3.769485296912291,2.3218896300797094,90.08552538662417,71.7967767618471,-23.77446257545692,52.534972176069125,-0.0004896366255221682,-0.00025188289340006675,-0.0006181360269618802,0.0003311415803573323,0.0,False,-8.371932902192972
87,1,11.602042672934411,10.698441871930607,12.523134997841806,28.83732335245879,-10.28885201825335,23.786330559301675,1.5420439588686996e-05,-0.00019666400902074166,-0.00026751015247461485,0.00017069087191393472,0.0,False,-3.8980333248695977
88,1,14.109162916703307,2.5767109111813733,105.17759138438353,179.27356393060182,-24.07589524196079,86.48333042925641,0.0005954909679168714,-0.0016428619724680538,-0.001308015060729631,0.0012962568500132776,0.0007231946072494213,False,-2.0213966697177117
89,1,8.277272882662912,2.318755988582481,105.6870310481417,131.01738511188856,-42.989490908013686,86.7634409829329,-0.0003222067840923917,-0.0006855693074253942,-0.001167202588325745,0.000611227086596554,3.0326770123962144e-05,False,-0.054977036225155373
90,1,14.144845730236662,3.2091847826614903,98.4024401604866,169.25603304611525,-23.148890620424226,82.46480277126356,0.0007023836638623913,-0.0016847765786595064,-0.0013686540103966813,0.0013758404543816232,0.0008273474512174167,False,-1.6968560432824393
91,1,15.178347749875565,2.567304665582384,105.42270357229373,186.0857934639506,-21.43549071147585,88.85156892776865,0.0006099545100263144,-0.001661672977143083,-0.0010701279687272284,0.0012555342796909026,0.0006632613189373717,False,-0.6775842752338246
92,1,7.723674052709139,2.6201730248714674,105.80409782982055,118.0648314527595,-41.94737653063604,82.41421525913765,-0.00040672392567255543,-0.000566319428114618,-0.001092064291090768,0.0005518322073500505,7.236162105782087e-07,False,-1.308300530611083
93,1,10.99118956522274,10.543534699056318,6.413185913322603,8.501731410276284,-0.30329743548073446,3.0025679595408477,-1.6823140216448706e-05,-4.397423167701309e-05,-7.885733322887667e-06,1.413653562174652e-05,0.0,False,-11.038637521871266
94,1,11.90528732230265,6.398883304126028,52.60423390170291,98.30681109784922,-24.395895275233283,62.02595207292145,0.2892499202156891,-0.2898284978832463,-0.6099081514723435,0.42051152408120057,0.4202912308230677,True,3.0136539300821124
95,1,13.91077598431959,13.011967867822056,2.2262705630071506,15.11562984098177,0.04036831717121805,11.372478660206925,5.551758219723979e-05,-0.00011204408841636315,1.049576246803241e-06,8.378247888001318e-05,0.0,False,-6.381980625162645
96,1,14.367520842740538,12.585194025970807,9.742643662816416,29.055019462554444,-7.07413590425152,21.373421644491515,0.00019319135653828035,-0.0003282088887703871,-0.00032598671405315027,0.0003074595719550413,0.00015269592356555707,False,-3.500708555829256
97,1,19.688455306669137,5.895579728664212,80.5557780578145,161.8056620263812,-1.398618937173618,78.78763687555033,0.0012463166406533844,-0.0021657266341323887,-7.793344433242055e-05,0.0017064665929015675,0.0011781920493710277,False,-1.2455247281479505
98,1,13.1429475960815,12.239073363006213,4.535746130441522,15.074100001273129,-1.821485138739863,10.00562574492002,3.4434225861135204e-05,-0.00010256437445943511,-4.735861360738447e-05,7.24766423970663e-05,0.0,False,-7.642549463692035
99,1,7.742048843225258,3.3435180493930794,105.32950651686812,99.41683881585097,-39.84169089926268,77.37264109615826,-0.000494416194295657,-0.00040558380851340504,-0.0012477933879112386,0.0006254757252841179,0.00010612354849865974,False,-1.289452133392567
100,1,14.613252488040777,2.2513655590919353,108.05804530139216,186.69411837933708,-23.9284324155701,89.714546180478,0.0005169980254489119,-0.0015868802299688588,-0.001142797477391992,0.001197110039632241,0.0006003224586895858,False,-0.9365307494003385
101,1,10.399267742729185,2.254898884542006,99.82416414514246,146.394747203532,-36.926543636861204,84.40832521598338,0.00012499236059506334,-0.0011004055295576428,-0.001644193915365031,0.001025301616661421,0.00046172326795674846,False,-0.12592422189056585
102,1,13.620497627939516,3.5287452315389607,105.49854501197629,158.28976095970756,-27.072108461709245,75.8292375433046,0.0006906780754442335,-0.0016845420567757527,-0.0017150538755046183,0.0014648447419766488,0.000984544910136937,False,-6.31195611260239
103,1,10.501404800793503,8.722064689047322,17.567606432862604,45.35062301203326,-14.089927470344273,35.70614171810122,0.016524251665697154,-0.01678480796502735,-0.03369594027071876,0.023690239784619146,0.02350347756630565,True,0.08647117511341484
104,1,10.945068844396403,3.2464890731765426,105.47415053805052,159.25869508943978,-36.86259089664632,89.43403028541107,0.00013562921168909172,-0.0012240051823175684,-0.001698230259880615,0.0010877260340890118,0.0004981752285363839,False,-1.9570209754429104
105,1,10.058595291450807,9.167381387470536,16.12151633755007,28.166337596434214,-15.73150882214882,30.143295263254178,0.0007748646514447177,-0.0009717944433366155,-0.004908880969022644,0.002605183792048799,0.002466319880909429,False,-0.711643817328893
106,1,19.38293717160951,5.358628262880007,85.6200988695876,168.37072486212278,-2.988356107317831,80.77887909085203,0.001019595401290662,-0.0019793747268577805,-0.0001508797318596158,0.0015013815740021516,0.000962387780153851,False,-1.77135659739473
107,1,0.38358238226364794,3.10936083760422,69.39878695949756,34.54257367697778,-0.6399738492620776,35.1968292403602,-0.00046142015887116534,-8.289386198408405e-06,-1.6639320080814e-05,0.00022671808712350318,0.0,False,-8.883142593348511
108,1,19.379160519603868,6.4312940143798185,76.18930816767869,156.32375036598998,-1.4843415319342033,77.39452903569061,0.001472028610076208,-0.002360284162349662,-0.00013375876997808562,0.001917323172697062,0.0013961902684930243,False,-0.7503366198468147
109,1,11.104177478665363,8.881838275500721,25.96812219821993,44.67490974639906,-18.073005918028127,37.32814427209528,0.013565019717977633,-0.013843714857609157,-0.046026021523864036,0.026784479593367883,0.026717283336252565,False,-0.14440029126985188
110,1,13.619529033959651,11.741124513670725,11.925837123140731,34.3056264090174,-7.721349405884152,24.43949103430042,0.0001550694621219595,-0.0003251456072496106,-0.0003013857271927378,0.00028347833665336636,0.00010718280539267698,False,-3.0565767597354307
111,1,19.69448186494037,4.820191391372147,89.7124046221341,176.12497841145327,-1.3124065701314451,84.19278774348643,0.000811756537768885,-0.0018129788952365132,-6.247170164454751e-05,0.0013127393883384092,0.0007508897698558238,False,-1.4243138352463642
112,1,10.947158649242738,2.570828674694557,99.74325180817699,153.12250832213502,-35.1343875590312,85.57686428952513,0.00021239692109562263,-0.0012136890795261613,-0.0016704681311188923,0.001098201377054008,0.0005276172006810493,False,-0.5307602276856809
113,1,7.420873209116411,5.6480355547263885,41.78866235944562,54.2488767977444,-28.40342320911041,53.04792624426107,0.10881522786609299,-0.10924824802793001,-0.9711029488696684,0.4976425968560039,0.49732748088833173,True,3.569025870422246
114,1,10.828232067191578,9.934853210687004,20.001739097159778,29.935927980733865,-13.56747669446836,26.494413280700186,-1.9061892452154616e-05,-0.00020716587196600855,-0.0005988162099203886,0.00031383274222600136,0.00012651348021063707,False,-4.095342475728319
115,1,8.814921666256689,2.683790973781797,105.70202209070831,129.12026873937097,-42.565778799265466,85.44690488577334,-0.00030750644755461135,-0.0006840199316355416,-0.0011995367683461898,0.0006286196907330341,5.882921723842313e-05,False,-0.17699890005774144
116,1,6.997576427716392,6.102983564351207,28.4417728032203,35.01456312037595,-23.94292715722608,43.3845835548629,0.06334790244128696,-0.06364438183128546,-0.8951443038156078,0.45205374816450067,0.451883073173684,True,3.2573975087259637
117,1,8.285228079673681,3.6504159869780413,101.68963562347588,105.52070439322077,-40.19205077082828,77.8846596270505,-0.0003850181014066435,-0.000518948301929654,-0.001611278984428898,0.000808417785596401,0.0002876014337210737,False,-1.136619001601039
118,1,9.329953225043848,1.7322888089291686,102.71496236572438,146.24902592510972,-39.299858784422504,86.97320349072989,3.9584879560310496e-05,-0.0010497410629333132,-0.0016946245939177657,0.001007271503034382,0.0004262193884544822,False,-0.02618026915622984
119,1,8.80450207275134,3.2921059476557453,110.33715609026525,121.11738584535749,-42.91714504371234,84.16508234836829,-0.00040090095847682746,-0.000596278548664833,-0.0012106239227791284,0.0006131440868900223,5.492137438416704e-05,False,-1.2600356084622089
120,1,10.413969972889257,3.5620001908602235,120.78665524690432,118.00136927421367,-40.79256389722228,80.20990277206025,-0.0003183771751749543,-0.000666782803695691,-0.002058410322265989,0.0010438438025868746,0.0005422144410957888,False,-3.2931099309987477
121,1,9.336190109161702,2.3493169305255397,102.7630511348196,136.19985924526895,-40.49638812259365,84.74699046551967,-0.0001371079014647128,-0.0008439107007036093,-0.0014236837316911905,0.0007947398261214316,0.00023023235668708574,False,-0.15825885239427073
122,1,13.636542403994712,4.145602482725097,95.4379611947177,162.92994483165893,-22.296224223835182,79.47970008118115,0.001676204336446106,-0.002666241548960488,-0.002914934921528841,0.0026150373737498004,0.002161560987863354,False,-3.764486596183323
123,1,8.998354997928615,7.169987469624485,24.82179289982485,49.17214429165421,-19.709505261337988,41.929805089525495,0.12037700523445194,-0.12069331962758746,-0.3870100973296843,0.22797572072713188,0.22832840287070721,True,1.5885770618354673
124,1,15.881351589327274,11.537835629732873,14.660974534035814,53.53442232784906,4.154023118038537,35.49662770985499,0.1943224603813361,-0.19454745301099496,0.08201884189506568,0.19871266942973642,0.1988941893156194,True,1.3738026698781187
125,1,18.52882902718432,1.5971554771165541,114.99699597595642,217.36224606563204,-7.165852073325695,101.18401969613114,0.00020878812276581995,-0.0014352536824453243,-0.00022099220040256644,0.0008294141019298933,0.00015762247464196929,False,-0.5564218756729371
126,1,19.383275952086517,3.2153111932682563,102.38047975681877,197.4157903337109,-2.9400762144463,92.99352092995916,0.00045182838674525327,-0.0015695502422919715,-0.00010899039592046034,0.0010121574072657017,0.00039333855559721864,False,-0.9664945333347159
127,1,17.43977708741214,6.857923760565413,75.21796833228984,145.56523570481485,-17.339741086379657,75.26879377570086,0.0117754761604598,-0.012618709487048322,-0.010859506116189216,0.013351078294398567,0.012892211876795628,False,-0.11294506012703032
128,1,9.452322020251202,9.006832106609084,16.196402363552963,14.44940472304516,-11.61571182798418,20.908793655145917,9.514567002044672e-05,-0.0002378247245038434,-0.004490921197102704,0.0022516239962644766,0.002166018586277003,False,-4.0804778783806075
129,1,4.9414464108925165,3.640732178310253,98.2134984545434,60.88300479818716,-23.562342836561175,59.966937488397,-0.0006294516851954274,-0.00014415526766279512,-0.0006126209137505916,0.00039077391060388637,0.0,False,-6.923371588917638
130,1,8.532894718551843,7.61903589442957,21.16975219188448,29.555148220430493,-18.75116161823063,34.431177583475325,0.022433165836245106,-0.02266272044401374,-0.18846296202019847,0.09689159794949818,0.09716750310728733,True,0.5586389867441568
131,1,12.021042203176199,2.6387936155354805,98.50770475576292,163.6783046532689,-30.202081687475047,86.23917602785,0.0004886145168209984,-0.0015007103786266953,-0.001748042545154488,0.0013241097272618835,0.0007476248334803514,False,-0.5874675114033838
132,1,12.530178093205429,1.6974450164375934,109.39459387943037,179.62878591232362,-31.661133385682025,92.13154201490833,0.0003997944725287611,-0.0014971385210516943,-0.0015724365178112804,0.001231960975912039,0.0006185291117633128,False,-0.6060251694287171
133,1,11.54776675815706,8.42784882084356,24.278101117112964,62.86525168664292,-13.09826784246689,42.41178854604873,0.13263267218869057,-0.13296900789569638,-0.1834067634309946,0.16138641000397294,0.16179635826682312,True,1.0670107655092842
134,1,16.886984323582315,7.194819205715395,63.2388195050415,133.90889157929894,-4.91968315823424,67.91895816618317,0.06679040036116737,-0.06752334248986791,-0.03019798802817457,0.06883331315504834,0.06933437645909883,True,0.06283793332529619
135,1,11.484073813076114,3.5598440338704473,120.59633318509762,121.64894631620484,-38.642873982343836,76.50144961087003,-0.0001644206521659898,-0.0007985716383073216,-0.0026300572969171383,0.0013527147572835808,0.0008920295455942649,False,-4.7162235771761605
136,1,17.915505911399325,1.6256694717224713,114.67242287810464,215.10151646174086,-10.16682780132294,100.27506438458028,0.00022119099853232482,-0.0014352805481208106,-0.00032081321842250386,0.0008436259695484183,0.00017773551863642996,False,-0.5878971377047275
137,1,16.32839827410542,6.276961907097539,75.37982939074942,149.6877120343896,-12.8828570319252,75.44735931948661,0.022170575733063667,-0.023014336402276098,-0.020039874879001763,0.024714736847903217,0.024333185029135052,False,-0.02207335304876601
138,1,18.793472517648812,3.214818091923599,102.25253906942764,196.44863383153225,-5.667707875243501,92.62981853686655,0.0004693502091633394,-0.0015813590976099506,-0.00021554895418315618,0.0010310031537944051,0.00041452695924687103,False,-0.9447244320808235
139,1,12.013394887268708,3.2446932013768475,101.2480503790786,177.69433564148235,-28.87892302303401,93.53032450954262,0.000688866938107764,-0.0018110671542948904,-0.0021014245008647986,0.0016329157509798195,0.0010151581297281975,False,-0.8197136608098372
140,1,12.53885111753337,2.311025833827711,104.23685123540997,169.88797876322903,-29.405397829994673,86.22265578323798,0.00044047249521201367,-0.0014829918325829962,-0.0015489507322239181,0.0012348039714016271,0.0006635102678433292,False,-1.971347813913896
141,1,16.3552691184611,6.890595565153965,70.88116499192478,131.60188032753717,-19.961447097475368,69.21828275825517,0.05669918191081114,-0.057448477644431686,-0.06658677507310878,0.06607474327717135,0.0659532462229752,True,0.1707666503632641
142,1,16.209860981113824,2.5121248277316526,107.16425606498032,194.18542165993978,-17.487062771848006,91.57034640256876,0.0004878365331349487,-0.0015873088108548069,-0.0007443912575100526,0.0011023096823193287,0.000493758498975702,False,-1.0670929037770573
143,1,19.385105625288574,4.283551661363714,93.90340726366264,183.1673379638803,-2.777375333068401,87.16522137196093,0.0006775527616998772,-0.0017170968110845574,-0.00012103585592430728,0.0011988532285955613,0.000617652639727572,False,-1.2231645113100367
144,1,11.791911725565503,7.389313702159736,38.1586241775176,80.89593666529181,-19.737334390692926,53.32717255010507,0.2947158677499,-0.29517011819628675,-0.5356846849417859,0.3984104535830119,0.39823839665995003,True,2.86438746964636
145,1,15.832962082542656,7.204843173020797,59.91733385280842,125.98516466878833,-10.62890426766864,65.47004004380005,0.15347663221876728,-0.15415147453947736,-0.10785969043235567,0.1629944515066583,0.16317017230245082,True,1.0459320105386798
146,1,7.772578176145143,6.842058175593176,25.267181757600767,33.618262732576255,-21.54274197448018,39.41457222696265,0.052741727738287336,-0.053013093380815446,-0.5165535036015636,0.2636340286614116,0.2637847387775369,True,1.8796539573494488
147,1,19.69926622826851,1.6212997099821453,114.84134255137313,218.63060569290295,-1.4792721311198969,101.66237723457841,0.0002107148547423507,-0.0014438704467543174,-4.541993083941265e-05,0.0008276042970596331,0.0001527213986552672,False,-0.5478967776947652
148,1,19.39191842000682,2.158964918965023,110.6310694791506,211.34602955370985,-2.9348060635053166,98.69485343502012,0.00028668087456764995,-0.0014801934361045744,-9.635174598974353e-05,0.000884749751154065,0.00022903636454276336,False,-0.6852354065377124
149,1,11.389273068461703,7.842804633635795,30.692485575551743,67.42939711498205,-17.65977424377842,46.46030654013728,0.18274695307324773,-0.18312440708503863,-0.3564359006553196,0.2553959687720439,0.25511416888034416,True,1.842939414902789
150,1,14.687753320631993,3.5094967807794464,98.26455298460594,168.2333513095659,-22.92592192954652,81.44061256426208,0.0009004499401936532,-0.0018677251176712666,-0.00148645747629471,0.0015710147182488368,0.0010312075198172354,False,-1.6798606114002705
151,1,14.176891213369686,4.445888737244332,98.81999652433038,137.8637637609762,-34.467175445161686,76.27428515741082,0.0022853426890800917,-0.0031517695098575533,-0.005147579523233799,0.0037436534298680903,0.0032642739850428913,False,-0.49796149399225875
152,1,15.217165768933432,3.1929620157897785,100.88926014036966,177.80602715344668,-19.395118525875194,84.0718376520145,0.0007686813675738774,-0.001776469081905021,-0.001134137663264122,0.001393203058577324,0.0008345079229603788,False,-1.7994538419287576
153,1,15.758282927498016,3.4936739429885186,98.06766914001565,175.0691209053767,-18.692353076810697,83.32802739187605,0.0008260463536741863,-0.0018155608143357168,-0.0010587197513301462,0.0014229349899009677,0.0008690453579080667,False,-1.457646663643386
154,1,6.380733120965934,5.950364135566768,22.98773523334394,31.29627767777916,-22.251881189120443,40.52172485429012,0.07801253573504563,-0.07827869958737002,-0.7817554364437092,0.3986127546403592,0.40076068808672954,True,2.7475570319900395
155,1,9.597017243511635,7.34796248782698,30.160620738419375,50.56608736508658,-21.542941820229817,43.25696827629615,0.09599674595379204,-0.09633232022587823,-0.4151604647158414,0.22877318525158133,0.22880013740921948,True,1.6098209066105227
156,1,12.552650498107019,3.54532393180148,106.29864108235076,127.56605127151118,-30.861547622715065,65.87210233611928,0.00018721262921178125,-0.0010660747228093837,-0.0023176251508126478,0.0013173947326461772,0.0009381391923653275,False,-7.1030941826644405
157,1,13.079766185198588,3.2289136331081933,99.27947232226964,171.74886393884404,-27.83882659030178,88.68763117078569,0.0008819013126028412,-0.0019224327416103688,-0.002088992518876483,0.0017484406789723959,0.001155689660663437,False,-0.2805945498478817
158,1,18.796202825558748,2.161784876779653,110.5881704770118,210.4911941756113,-5.8371783781948805,98.38092121172913,0.0002907618876958876,-0.0014797118096761567,-0.00019291055658891728,0.000890476220335176,0.00023678982787764504,False,-0.6830491846847888
159,1,10.78611532505579,7.695966264750421,27.533449279417084,63.51033482729594,-17.02140367957364,45.04714485651875,0.18004082875368965,-0.18039856125022674,-0.3452958555600209,0.24957252539758965,0.24941500294694954,True,1.7917015467040631
160,1,9.34256255066276,3.58907281223572,114.45058331243696,111.06193185202507,-42.29748826215907,82.04493543881806,-0.0004093634658485571,-0.0005478909571999362,-0.001627337465447117,0.0008166114578408684,0.0002802289572278296,False,-0.8379815494771368
161,1,14.703754027709822,4.129343484176151,95.51991484509838,175.4149615906358,-17.502278782616266,84.99571196747102,0.001172730010528345,-0.002185685437244264,-0.001567988194228321,0.001853209465837381,0.001288409597315306,False,-1.4323119746907462
162,1,11.493810933829934,2.278284049547095,100.47004959394104,155.29406386371392,-34.37406055717374,85.05329858453935,0.00030800391871341453,-0.0012929479821456704,-0.001690987435948773,0.001164311545227578,0.0005968409345431516,False,-0.13633594937869553
163,1,7.924965638625458,7.458669516039508,18.278788914735376,26.33676697869192,-18.460893197656564,33.752061153448956,0.022396815983474205,-0.02261135874729024,-0.20887168402698747,0.10683294924889128,0.1066355296870208,True,0.7455891208689511
164,1,10.424335296070199,4.190606907983421,96.6875910233023,112.99592512709276,-39.157918506362,76.71942076576606,0.010203988412473025,-0.011060951905605087,-0.09089021435358588,0.046672338574288874,0.046273320216061786,True,0.2069978303162845
165,1,17.490724165787714,8.768659146074736,48.72551893267523,112.44394299012359,-6.5492423834400775,60.948904245925185,0.18664075344280845,-0.18724553324323598,-0.07378420217144294,0.19054859213725206,0.19070818384712665,True,1.229741437167517
166,1,15.843705661038532,7.8260258548811725,53.42849627532564,113.93663039921327,-12.878506547886614,61.47413227603933,0.2331433076485122,-0.23374501271522655,-0.19385058530372873,0.2527660742241091,0.25311052478411283,True,1.6889803578480933
167,1,8.684852156849468,8.237289455313144,17.29988623996688,19.89534612280459,-15.74509352678764,28.19471959817009,0.00040042167849696497,-0.0005770801392373237,-0.03752468180853713,0.018768705700151725,0.018574675247373246,False,-1.07515968655186
168,1,11.493234961066287,4.176736348189014,102.04760499646592,123.46096763414833,-39.75736192058911,79.25053883497382,0.00590607488511662,-0.006804789754729677,-0.039015004590199256,0.020516680183851405,0.020013289838104308,False,-0.023595058832606597
169,1,9.874431058499463,3.261049257222814,109.41006684186307,138.04714884590456,-41.84261776140547,86.39983051542498,-0.00019888638541379258,-0.0008402861215227985,-0.0014895241827766904,0.0008108754393489283,0.00024294652076423776,False,-1.7042326753578632
170,1,10.221657886584225,9.775933896246073,13.690462920227656,6.127601927693517,-7.428091321763578,14.814230678442108,-0.0001220965197168411,3.573048870580964e-05,-0.00047772355343178585,0.0002515597136323381,0.00017322890136691588,False,-5.496771693442058
171,1,7.155304845211998,6.691080967245981,20.26031217026637,29.42864495420853,-20.37477280286194,37.34110248671223,0.058590160272598446,-0.058831162307654984,-0.5042421641755002,0.258866725907796,0.258730732532643,True,1.842938103648832
172,1,16.928935377440606,9.063778729428025,41.517139935224094,102.90543475294545,-2.817282615818078,57.1294205061548,0.28985177551281316,-0.29038052077682136,-0.05371524124898691,0.2913566735120285,0.2910453380261733,True,2.08886293924502
173,1,16.256932748573565,3.147632416171168,101.8632908577883,185.5988923132693,-17.46434476288792,88.36249804425773,0.000677566874564905,-0.0017286175847158521,-0.0008519138456394312,0.001276271998094097,0.0006882884137757471,False,-0.9648243800727183
174,1,13.563368117925023,2.2678728479264403,105.4479176025115,179.13775817155454,-28.16463638428659,90.02743497825142,0.0005807712314049966,-0.0016377134025213943,-0.00151780025465299,0.0013440044348877905,0.0007427568491125347,False,-0.1508852609816369
175,1,19.690623760348203,3.7490745557166494,98.1786458893067,190.56488920874045,-1.4653146422608228,90.18890854683511,0.0005430029796489147,-0.0016232347135247908,-5.740336414275618e-05,0.0010834990643214053,0.00048275324977632787,False,-1.095741602122894
176,1,16.38569063557753,8.1286563007076,50.513753414233605,114.92849163139249,-7.02001643427936,61.625758736308384,0.2374819969148349,-0.2380850334809705,-0.10730019663971166,0.24376081134916133,0.2435348295441878,True,1.7266047482564861
177,1,16.906662262202868,7.811697259408656,59.383296015281296,123.76534384418055,-12.600343256580375,65.38849562598271,0.11824109111864886,-0.11892433399131028,-0.08677436943005956,0.12627077062564013,0.12654019898314825,True,0.6303855074585503
178,1,16.39572856717318,8.75010358609788,43.228493245941436,103.66756719992871,-6.674450013444738,57.34652961901119,0.303664969006622,-0.30419483239920414,-0.12842624676688214,0.3106391954598447,0.31068342452009406,True,2.1758658407531826
179,1,9.857639023493057,2.6296083493865825,102.72416051663932,139.96701620809574,-40.11293632937083,85.56461174864944,-8.687057557776729e-05,-0.0009045060749523111,-0.0014641105569701703,0.000838472947218478,0.00026949082973353405,False,-0.09437174851566432
180,1,14.06821164199601,13.624096050311685,-3.6086979829419246,4.667798545464867,4.325117980219079,10.376809019629139,5.935740984863713e-05,-4.8237045020604885e-05,0.00011245306748619566,7.781750944624261e-05,0.0,False,-4.562020558231753
181,1,13.135654213203125,5.07723972707107,90.55076426272517,129.01846569549176,-34.42691438619672,75.56043236484321,0.027899739214149656,-0.02873979217157161,-0.09227967981637673,0.05413773134932584,0.05376188283185484,True,0.21418016519670324
182,1,9.29102033094682,8.397967715768377,18.22672125209226,29.121094771058846,-16.770885425822247,31.619204618414898,0.005826736599191418,-0.006039509352599337,-0.037567582479862666,0.01969854719496894,0.01989639202264945,False,-0.45688317856142824
183,1,19.692652191738315,2.680522351845419,106.55274978315921,204.6954231335535,-1.4930159702399715,95.9780123453803,0.00036274765603468595,-0.0015199969120546844,-5.173723446244273e-05,0.0009417276477437427,0.00030354775660071143,False,-0.8125248991862133
184,1,14.190604765787562,5.063180943784029,92.60091966262556,138.6613521808911,-32.57766213989276,76.62433226977481,0.0114892219082821,-0.012350054973972593,-0.027946600530079642,0.018366570198710554,0.017860808024313033,False,-0.02521667365838276
185,1,12.531152484527155,12.081970776265075,0.02960732572285596,6.466399825775595,-0.09402237792464015,5.614832433299622,3.3358214235335026e-05,-5.032008826566514e-05,-2.444581826077652e-06,4.1857001474524186e-05,0.0,False,-8.274213103135471
186,1,17.478488982145628,8.138024961445646,53.235956471579684,119.59039580214552,-2.829324658492269,62.73356444123383,0.1284649219266579,-0.12910670661303775,-0.0320243841578398,0.12977741040843727,0.12996982737780596,True,0.7554041014735535
187,1,15.293494049634512,6.90154336100946,64.88657072213556,122.41450368601112,-19.052673144497046,65.08970527975707,0.13662204875015815,-0.13729280812051664,-0.17599658337870566,0.16279138964903822,0.16303115010464633,True,0.9834394440102248
188,1,15.76839128689556,4.110231898644729,92.04250680988802,170.71764511346328,-17.12964456847084,82.95818507469859,0.0010412523800070973,-0.001999892252293782,-0.0011488661488142523,0.0016254579433550211,0.001068925917061306,False,-0.31071248246559513
189,1,11.267942149930017,9.486074288364863,15.58222219002591,42.89940768869076,-12.80761930647781,34.650479650192246,0.003325588673287694,-0.003550695378503055,-0.003171086974477988,0.0037861284632397167,0.003671519669092993,False,-0.1954276458657862
190,1,13.105907413246113,4.462521846180447,100.01805589118362,149.33451031996444,-34.97055892458618,82.76175636157896,0.00654776712459767,-0.007523159852167967,-0.0172147163919985,0.011116850345786041,0.010640175227450999,False,-0.9108368163147791
191,1,16.938720880936266,9.685057347778402,34.38259034254472,91.79757925475674,-1.8619738716574659,52.838493926494536,0.3460384432411965,-0.3464955886702033,-0.03786972797334087,0.3467843355935481,0.3467700806368808,True,2.445475124474445
192,1,15.281386858864098,6.282065146907194,71.05984520349237,139.336260751726,-14.437207891237236,70.66328293555044,0.07245677502727416,-0.07322443529734146,-0.0692194330560755,0.08064481532350579,0.08091439885607526,True,0.28290661478545864
193,1,11.859862614418766,9.637561592331409,17.465526870189034,44.15296521435013,-14.186683734690703,36.49329974539098,0.005514084147565601,-0.005732105372124208,-0.011686957434756173,0.008109589274349587,0.008003894192531025,True,0.5625218758391046
194,1,10.341836336879291,8.12123686550479,29.58625728501385,45.080160956570204,-20.30003951479669,39.4213823646669,0.038903436306499284,-0.039208562437147654,-0.1819115744739207,0.09898649563868334,0.09929654650772413,True,0.5267178909840133
195,1,18.512259756337382,3.746403300499923,98.02650211519799,188.48774004702696,-6.803976878698015,89.24868286238205,0.0006113150462146487,-0.0016798544450289364,-0.0002912730084994043,0.0011548049189241535,0.000560570203700606,False,-1.1787091348423804
196,1,10.964595315567522,4.491988104618305,84.8874896228404,128.97143059238203,-33.69624585935362,77.34882745920733,0.0337836834561368,-0.03465341542727802,-0.10321527945278912,0.06192138244600093,0.06194911816802858,True,0.044145495360448095
197,1,18.50713316285254,2.682849208315391,106.43164436413848,202.9688972337621,-7.123432096278254,95.34385926093141,0.0003814523843380794,-0.0015291810750064899,-0.000254616881974209,0.000963762155896524,0.0003296919754219465,False,-0.7944227458065622
198,1,12.607321412313835,10.388609041943587,20.175489027439397,49.41185773815259,-13.073186006256142,35.62474069075067,0.0016277755343409028,-0.0019064957043273267,-0.0030466690007955877,0.0023330915749754794,0.002098405997007997,False,-0.7027670284180836
199,1,15.862578560620875,9.06943938251863,36.95727804137478,94.60292115893475,-4.6142432529468165,53.5908946670023,0.3713034652994562,-0.3717655381457793,-0.12100212012063466,0.37642829893446633,0.37626592966448974,True,2.7015031694851075
200,1,13.058319488717453,2.600515120975791,101.49853796811249,166.51900010797598,-30.63852931624794,86.44399635890616,0.0005294039718842542,-0.0015315549743516671,-0.0016109459686191637,0.0013079276252797986,0.000731666263966123,False,-0.009285321942003932
201,1,12.032652487251207,4.478336477581531,91.49679237962047,144.21345249425818,-33.147280721995834,81.72761084580966,0.01692713312865312,-0.01787088762316394,-0.045700137157475736,0.028720222772708366,0.028492426191385322,False,-0.3347001217222516
202,1,13.680002756369602,5.377612570155416,78.43060510089403,142.3013688139544,-22.485376178475807,74.91755280436004,0.051083890109781725,-0.051920854885567046,-0.07953611601818272,0.0650691386964947,0.06555214190868414,False,-0.060075598540747066
203,1,15.243274835408798,4.429366674842694,97.47813317300026,147.1272801297457,-26.068519845038125,70.8800396492067,0.001198087659089048,-0.0020745994858650686,-0.001750928851951297,0.0018558174070570231,0.0014208763055550404,False,-4.451835326411212
204,1,16.415045595171158,9.991220327924532,29.684636092986594,83.8783053537005,-0.2770061380375771,49.42867437598565,0.3644213202696414,-0.36482431885424127,-0.010630383893732442,0.36466155790092825,0.36471429093409324,True,2.599942247369805
205,1,15.311229535351032,8.144798664700323,45.30658554500509,104.85875528957936,-9.084660029004045,57.56672712413852,0.3392631605642315,-0.33978736159857753,-0.20880599504161415,0.35521456727409917,0.3549379038554396,True,2.549888307326361
206,1,15.254219637203535,5.046688080518748,91.56989227685749,159.4572706918464,-25.05590568679514,81.26535515130242,0.004020986406677436,-0.004955089561560782,-0.005398602485821089,0.005237242800068976,0.004756178531525758,False,-0.1563041993286607
207,1,12.562746950099344,4.162074893687596,105.73679432707888,139.38631068779222,-39.86815862679499,83.47161872971978,0.0030304062969453774,-0.003991272853782503,-0.012393785124956739,0.007122322090079989,0.006589437546874757,True,0.006995711003947136
208,1,9.737725138232213,7.957689173087296,20.942754642277794,48.538567834385375,-16.428344492843216,38.84913595706385,0.06201862402101477,-0.06231328235135741,-0.15281573786515967,0.09850263027130483,0.09881726573542411,True,0.6052915207196481
209,1,9.906133248847162,4.499609083220029,79.95078638081675,113.63268872886236,-34.644700778584365,73.54158088430275,0.04986588048483964,-0.050670094290648865,-0.19658037854726276,0.11039851386436639,0.11062017601802761,True,0.5071223617212848
210,1,14.728412381922439,5.363957096391901,82.75909894290825,149.97666178180512,-20.948055695645014,76.02500298739965,0.01781659371815914,-0.018677334113405684,-0.025870411849307003,0.022366744163088564,0.022063952161580653,False,-0.2777623554383215
211,1,19.69070521293429,8.03571428572966,61.363359185461,131.10400655567184,-3.9524332048401156,67.11880687511604,0.005092685965877456,-0.005832773410589059,-0.0003660291587266346,0.005465794542695925,0.005020812858216402,False,-0.7601332816757971
212,1,16.27806466928519,4.418073412549851,92.51428909179347,163.94096197662418,-16.602630826066505,77.1562929023933,0.0010685666823096926,-0.0020059466564313344,-0.0010542248873772492,0.0016251171021854141,0.0011175731117701434,False,-3.1160087587289436
213,1,19.691530206039257,9.095211150867529,51.53791073117371,118.40509146867988,-0.4396451442124463,63.27334266588751,0.036669010962032116,-0.03733163927895981,-0.0017928195013280149,0.037011182221910854,0.036621977962667265,True,0.19208830144625644
214,1,19.69070521293473,6.964285714303171,73.88480954036203,146.06588919185089,-1.7432996253774125,70.48170904385807,0.0016648587733897858,-0.0025077452639408037,-9.16943408209585e-05,0.002086805711157973,0.0016174068786917323,False,-3.1840872545373546
215,1,12.031005639392,10.24124768752784,26.311040104597424,28.189612168103892,-9.344619024862881,18.745371566231594,0.0008559982828628687,-0.001068423098260718,-0.0006179344179276791,0.0010105989062166591,0.0009696343917114399,False,-8.82052612645532
216,1,15.872110085123191,9.689277505994907,29.72307168969957,83.08439653001055,-2.480856697036623,48.74901204957075,0.39252659885247687,-0.39291436423704407,-0.06620610125908555,0.39411316723211703,0.3941869402205205,True,2.810602247520457
217,1,19.65614757961447,10.189656424947884,39.17760171361137,99.53146026155616,1.415429749827063,56.31351793307462,0.15467030510130805,-0.15521149296012898,0.012587889022849644,0.1550686813317254,0.15481293550531014,True,1.0566488829733096
218,1,15.32006450333772,8.7667649069475,37.19714523998361,92.8088406760637,-7.116742816829444,52.54808981342293,0.3894722362745632,-0.3899148950794427,-0.19501734508492813,0.4017076254579319,0.40160893480669185,True,2.867813648376538
219,1,18.5068367507002,4.812842906556231,89.4831997677945,174.195272042767,-6.398580944230112,83.39041663299591,0.0009293373591648625,-0.0019190582510012475,-0.0003402846016313299,0.0014343248552996072,0.0008779770710490815,False,-1.4264658485243356
220,1,14.76488530858861,7.218846086556655,55.41024738690135,116.13186914887093,-14.106734615939857,62.55030429782697,0.26120148057027504,-0.26181134778506865,-0.24589735377296423,0.28896709467377185,0.28913253528845245,True,2.0109925606870203
221,1,18.796545055715455,4.281373507491646,93.84069292578874,181.9916942495412,-5.470029228101805,86.58127607518814,0.0007261002949843554,-0.0017591233324165583,-0.00024936458074814203,0.001248851389509922,0.000671840204864014,False,-1.308155351065059
222,1,14.231559285979243,6.28919753151759,65.7979434900239,127.55150596166247,-18.20712188209537,67.79568541922903,0.14408842206903616,-0.14479647718209793,-0.17327937499522314,0.16843413164652307,0.16868943596688946,True,1.0704776701706162
223,1,18.783852626942455,5.353457931936159,86.0983546371765,167.17969425505675,-5.179558025443844,79.7668866683793,0.0010638378772541534,-0.0020197171964654575,-0.0002897776589261198,0.0015485705492707346,0.0010178168700749881,False,-2.2528626306448576
224,1,12.625387028081285,5.433897613501748,73.46800497092099,128.69147303837036,-26.197118870824387,72.4614761793236,0.10917072515940526,-0.10995270508137167,-0.21021478178347194,0.1518266545774797,0.1526611556589277,True,0.7967896867263224
225,1,14.74275924491709,5.981023198137326,79.80665205732473,129.60382852812631,-27.011328129385884,70.03879924383759,0.055046758742419835,-0.05580779911454199,-0.10950543123398299,0.07791048143126038,0.07796808816699587,True,0.17666712189013545
226,1,19.382235418973544,8.559496865157687,56.869928779109415,126.41527045447194,-3.4180321827110087,66.42497905567167,0.021599901900834044,-0.022311852499480155,-0.003135960656898324,0.022011794700541387,0.021580729702511552,True,0.03435691066259672
227,1,2.526631758978351,4.341741701333031,54.00249826217696,12.507137956385922,0.6657037352242304,38.01776384278995,-0.0004890990178080278,0.00016789410017359243,9.123300372870227e-06,0.0003285282300217535,5.898650483197328e-05,False,-0.9845874691859287
228,1,19.381410425869017,7.500000000017185,66.9156014706009,141.37621982147706,-0.89668163504571,71.50481468031784,0.0029796504218468486,-0.0037819678925662954,-0.0005120876269667039,0.003390490966198687,0.0029134430826482176,False,-0.7089617076837325
229,1,9.363899417829515,4.199025921109736,91.44004249650595,101.15055940400576,-38.38277639838335,73.86774158442167,0.01181852695100187,-0.012626625217167332,-0.16575486233090506,0.08377386204966057,0.08340871365117537,True,0.5438387558662239
230,1,14.253012318032058,0.3112092675781921,123.33189658160154,211.00852259692962,-27.553392727322063,101.15553442553313,5.527679441946152e-05,-0.0012718658679388307,-0.0008200339184414516,0.0007800261652095232,0.0001070751808757798,False,-0.1272856310781858
231,1,19.347677785653726,9.642010432956225,44.982258773744434,108.31884728966885,-1.2010359110619908,59.49310925277456,0.1048396665966371,-0.10543622921877668,-0.003547517824290372,0.10515290918905716,0.10485882972909993,True,0.6722076177001828
232,1,14.771877215809253,7.840918708387143,46.89075093338654,103.39728105674092,-13.114538846048944,57.57237381594863,0.3389593811797148,-0.3394818866653288,-0.3111200492764246,0.3731883703228689,0.3734599430649852,True,2.6245370286548795
233,1,13.706610413566631,5.986563056143552,73.77253509050223,122.3377584453437,-27.229250320947074,69.16020273606998,0.11193202991598084,-0.11266276486930521,-0.24393397349100127,0.16579098683866478,0.16629204845042492,True,0.9452476794647975
234,1,16.35966236492055,0.2892171098774243,125.01896359156979,225.49058590194426,-17.861911833816734,104.50388509699094,3.763658776510218e-05,-0.001309514533725186,-0.0004774560181066413,0.0007146293433240043,2.152684402827113e-05,False,-0.4512058413139908
235,1,14.241578158880346,6.9075422058346545,58.64925317135724,113.27150332418577,-19.80513940087142,63.10281511780697,0.2307246715042196,-0.2313440731319143,-0.33230084412739275,0.2845748477015276,0.2848470663887546,True,1.948121376644151
236,1,15.33805722787566,10.00901281375405,25.628000423052463,74.00945573247131,-2.6660529197461247,44.03654159498431,0.3132256967669904,-0.3135569489787462,-0.0732716301176849,0.3155254414417831,0.3154882157916166,True,2.2557912500728605
237,1,11.052631578947377,0.3038685627313819,120.22941559364082,186.02283429612064,-38.74565747547698,99.2237649468847,6.637836605060884e-05,-0.0012564563781502418,-0.0014550949413616,0.0009832590005742444,0.00032368742282848237,False,-0.1851140250623029
238,1,15.793984047416563,5.971731300862107,82.73624177010907,140.48920818955938,-25.51649346516992,73.8660621905235,0.018711997014977846,-0.019534750974672367,-0.028070249653105332,0.0237210489195328,0.023297756942540868,False,-0.10355202971418187
239,1,14.251057594462047,8.173264146444088,39.740464841585364,94.80327875934081,-11.406549666197302,54.71681586073297,0.3807904458733712,-0.38126252075340217,-0.3175123146154978,0.4127768143552751,0.4125148181407454,True,2.9755362869656317
240,1,12.065545765276136,5.135441316505059,81.0819789266964,116.27417667447567,-33.18282754016656,71.42786042903256,0.0639706188003116,-0.06473740769887568,-0.23222267103942776,0.13275270715695572,0.13271654332400729,True,0.8063641577287743
241,1,13.677091607944893,7.219351692186934,49.73741065353255,105.81599444252906,-17.057755184618355,60.887189032546864,0.3355239068945335,-0.33609100681858706,-0.4081327752123397,0.39295004597416977,0.3930252912012137,True,2.7939008200865825
242,1,4.363485285766711,3.3200838044564853,96.59463826311337,56.99649772739391,-22.848634674688995,59.523370540017474,-0.0006252864404503033,-0.00011049140433918442,-0.0005940807838787632,0.00039304767744468796,1.2590728858893011e-08,False,-5.475083491164684
243,1,9.914689017916084,5.118823918372265,68.05610514432833,94.33638860515966,-33.10967590921518,66.78841398999042,0.12018825760272889,-0.12085314138089935,-0.6031081845927888,0.3247462233601779,0.32475933801064266,True,2.3014468978142606
244,1,15.781163688750652,5.3534203362190835,88.88727949980947,151.1844459567872,-25.47189486118245,78.04324532169795,0.0046122672766356464,-0.005495475209142273,-0.0060356381866519425,0.005886327090787835,0.005370560396624283,False,-0.5722131758692424
245,1,16.27989226934554,5.043940444448152,91.02063246814858,169.0858696528189,-9.800557672449658,79.23961068946979,0.001457418612045843,-0.002437217553315011,-0.0011222064223276964,0.002026544973276576,0.0015137486819688823,False,-3.6846354850011043
246,1,7.867704108800791,0.289732303070711,115.18633313513831,161.89664375271127,-44.0328386099064,97.12721867344816,4.412324302922356e-05,-0.0012012354584395068,-0.0020257504028487337,0.0011889683542851014,0.0005438862879660927,False,-0.058656690534212075
247,1,6.842105263157898,0.30386856273138135,111.79671839651823,154.04265624022565,-44.46495269008074,95.83446270117271,1.916566490276373e-05,-0.0011567388309498626,-0.0020986988344631552,0.0012028391601896973,0.0005659786476404472,False,-0.016600135505120406
248,1,13.679579136305952,7.863001010965881,40.177839334246656,93.90319318856022,-13.537200145699947,55.2686485868282,0.373863873887534,-0.3743433225716397,-0.3765237556872968,0.4188031003437545,0.4186573569816318,True,3.0072132911212144
249,1,14.811972965424843,9.079037408014273,32.95553483620931,85.54130961472944,-6.742684268361454,49.49392856562232,0.3592015983533672,-0.35960380903362676,-0.18920411577479423,0.37164479382701704,0.3714565875278579,True,2.6719202350442206
250,1,5.789473684210531,0.30386856273138135,107.51587968614739,143.96561353588885,-44.45593900469765,93.39666366067223,-6.204903003791573e-05,-0.0010402736789684932,-0.001976731292429718,0.001102768115499153,0.0004817292780687947,False,-0.009666398057737169
251,1,9.361924290956479,5.440298840001951,56.28192715035412,85.79221067789427,-30.534822564500285,62.99711390262918,0.18624700830776025,-0.18683896816758339,-0.7713559156980493,0.42842242428616434,0.428351946285969,True,3.0491696792903813
252,1,14.820434165460464,9.701447191344547,25.572602863372506,73.35431142416974,-3.444429158304041,43.621208189599955,0.32302304810468746,-0.3233466397767202,-0.09060131575992963,0.32634428592720094,0.3263821646547044,True,2.314528340372684
253,1,14.282318376090949,8.789416603824039,32.15593665226358,83.72305319670457,-8.369106897898533,49.37157918477783,0.37273351467605487,-0.373130431180916,-0.23965399208737292,0.39171005273439974,0.39151240442297697,True,2.8143958852501427
254,1,15.305964440750147,0.3123085470458445,124.30670965574839,218.20061267917487,-22.5488854720443,101.88003020810189,5.221003945391194e-05,-0.0012833409475969094,-0.0006358291263070347,0.0007395902779365056,6.25961470991762e-05,False,-0.3140384229025184
255,1,10.977388716370632,5.098140677673402,75.82268091406642,106.92948477833764,-33.57102359744385,69.96781127221222,0.09189965326138688,-0.09262984547641853,-0.3938386225329303,0.21746263845949587,0.21753977122800072,True,1.478543734156057
256,1,10.44568446594223,5.415974316190753,62.223502819522125,101.27294434709131,-29.836535331767134,66.80070676183851,0.1912852387346394,-0.19194710791189898,-0.5806722963604342,0.34786755643373546,0.34805047980454223,True,2.4383474320144014
257,1,14.822134653519042,0.6235178146240367,121.34527071227467,210.7337701936305,-24.50152305483287,99.54777182594671,0.0001139391200969827,-0.0013099552569008296,-0.0007610828914817766,0.0008072673603819632,0.00014490588243375502,False,-0.24289513615682345
258,1,4.236088969740259,0.6473059385920626,90.29728442706707,118.9800155534607,-36.118882027288414,76.1394845306478,-0.00024264729458899737,-0.0006826297996506336,-0.001053000285628272,0.0005706124355229071,6.610349874920539e-05,False,-3.230264151885505
259,1,15.876153121460161,0.6015256569232689,122.17332711845975,218.2625957909211,-19.880439329931075,101.74919661344393,8.95485059401246e-05,-0.0013207364256641121,-0.0005755033169552871,0.0007615949803104838,8.57501387785377e-05,False,-0.40195066129331813
260,1,11.538921639894326,5.439993760167636,68.27836844277375,114.79509789035554,-28.66290771797823,69.72929691683699,0.15153307405318206,-0.1522567122182974,-0.3725415874958109,0.24035154911960213,0.24062659426963537,True,1.6126280523797814
261,1,7.341388319327106,0.5936008658020924,109.05318945927019,151.81480844027053,-43.091561015673996,93.5127990339873,2.4211514585381578e-05,-0.0011280879414030164,-0.002005682941254144,0.001156563670654261,0.0005337718187094811,False,-0.004332616189541838
262,1,16.893675197531522,13.344650217352124,2.0213430061931983,30.303487727086793,6.176516829686073,27.037281043345565,0.12293811779216329,-0.12304423061611436,0.10557870909515128,0.13384149164464085,0.1337507383387588,True,0.9339252230644046
263,1,6.315789473684215,0.6077371254627627,106.28602755215005,142.9779591201542,-43.6801575039975,92.01584301209505,-0.0001026888433017475,-0.0009797744074768232,-0.0017876022290668583,0.0009955903796553468,0.00038251365240274957,False,-0.010793474994295948
264,1,15.672393140980416,2.2325090043416096,109.17032713428188,194.32400316156543,-19.74786261560052,91.64465653839265,0.00045574176956919197,-0.0015558974242301472,-0.0008425622301713476,0.0010904819298985394,0.0004814054227736619,False,-1.0496451135403984
265,1,14.237429100161139,11.924687587862095,10.655870708872602,44.63551986696251,-3.4233078223581246,30.997426253168086,0.00035679920146630684,-0.0005577253902402379,-0.00014554902795599345,0.00046301721036451685,0.0002402652552102683,False,-0.35986667597694755
266,1,16.411559066534995,11.850420433838773,13.96026522647933,53.48844000745556,4.503499165552271,36.23371753037308,0.2064053621262898,-0.20663817513454918,0.09096203454551333,0.21147047985570305,0.21133312210319932,True,1.5053769499991194
267,1,2.5458977661522026,3.674800226760849,71.88031948272837,25.164825970500925,-2.4539665345958914,44.28425008937177,-0.0005311603462528377,7.614106940611915e-05,-6.380312989949294e-05,0.0003053218993318137,0.0,False,-2.764416833584349
268,1,2.5886371844606555,2.3321324355682234,83.04112928643633,57.988390775393334,-13.851374960451196,40.49598195905972,-0.0004795770716763736,-0.00015389147103281493,-0.00036013574897173146,0.0002427801825489395,0.0,False,-9.745798140260822
269,1,19.6884107863584,11.29059746582655,24.057192467706813,75.77116819154782,2.34450025378054,47.28749051349916,0.3074261561645811,-0.30780638360912976,0.05138730906963776,0.30868743638583235,0.3083892096606167,True,2.2318380278829153
270,1,17.441122938700673,10.583839045374193,27.022050367031255,80.13430513554142,2.7248170254043074,48.63252771644359,0.35903308108275767,-0.35942495306523,0.08038921886194628,0.3614707364853429,0.36142937578637624,True,2.57206354652066
271,1,19.34455836597287,10.765968176493388,30.91167722276982,86.77019234735435,1.846126072164586,51.52170792666325,0.252254119358965,-0.25270754292925757,0.03662967687038077,0.25314423438452704,0.25295207205430564,True,1.7932429992465462
272,1,16.950003949659628,10.908567813084785,23.350449616870325,73.02637990587971,3.7949196896266115,45.53132223831899,0.3427757292891461,-0.3431237055815861,0.10051561625184136,0.34661268869823464,0.3466973520987975,True,2.4814145101144014
273,1,16.42499936123781,10.61354609881397,23.03300485728289,72.54642491473999,1.6851326035695966,44.8444816471677,0.375332656423534,-0.3756654406242878,0.055362411097552244,0.37651797378477964,0.3765959643018271,True,2.680982129053527
274,1,1.8933798198638199,4.674972770640338,43.5514557877048,5.8445684733110115,0.11163995258611548,33.984767799443446,-0.00043795395377098736,0.00019326364708093093,3.163086145012927e-06,0.0003156127630258369,7.051604769597996e-05,False,-0.31164117814499015
275,1,9.65804110577677,0.6848751975970928,113.90620790237526,166.90460655637162,-40.907362338488134,94.85054931086687,0.00013234662339579997,-0.0012566075269790362,-0.0018941601004753643,0.001174418592120834,0.0005431906795790136,False,-0.05496752400963878
276,1,17.43979363604396,9.982654350957246,34.156948206533514,91.91996170222085,1.5492660773167752,53.228560164514064,0.31494540576295943,-0.3154131562733844,0.03266715717705648,0.31560222586768844,0.3154584085932412,True,2.2434390946936507
277,1,2.6318668469973328,0.31976852084352064,72.78244593229418,111.38048194854014,-27.934937503748444,66.06080745600957,-0.00012017458092157947,-0.0006622447774791404,-0.0007735451261288752,0.0004722849140491601,3.104565010161209e-05,False,-3.3266670654413932
278,1,16.378686741773574,12.447832635464621,9.864233396976761,43.90510320303278,6.426110966376659,32.29673309662031,0.14296761501158506,-0.14315166241577693,0.10627697698945515,0.152609826644267,0.15247524189709227,True,1.0705809948637945
279,1,7.999596468668341,1.3229228110623872,105.03202147488281,144.73538181136928,-41.74144984974503,89.64683005701893,-9.800886434408905e-05,-0.0009508069710036557,-0.0015728734412911987,0.0008945942478354866,0.00029626757066622723,False,-0.032181985373400224
280,1,3.1824861681316983,2.661539569862913,86.87485062393817,54.83455722401165,-16.808555091243644,47.341772795964445,-0.0005329303882520252,-0.00011640657405298104,-0.0004370224323723349,0.00030186118257882706,0.0,False,-8.39203354982717
281,1,15.346781027621793,11.851972605003075,11.208664279080688,45.28102961112186,-1.305343913560552,30.35734782653861,0.037263872796653885,-0.03743975705921443,-0.004710446222469855,0.03742599570237698,0.0372416876987357,True,0.23855570306967344
282,1,4.752259380371211,0.32337588582173676,99.15690463701401,132.8892959383639,-42.42589562680669,88.46746651960026,-0.0001406171442865547,-0.0008906416804805533,-0.0016050695844153375,0.0008858308495006605,0.0002955559802083291,False,-0.006854370065811466
283,1,12.282731442807565,9.183051126797329,21.824426580889693,60.33143897462525,-10.411286516040738,39.75552054638545,0.06715600207550709,-0.06746716054536434,-0.06998595760315407,0.0758640728139415,0.07576746446938215,True,0.4836667903353611
284,1,16.94251771846675,11.530480867299223,17.00575603008332,61.26716779334912,5.211726248358618,40.79698317810127,0.3392975863199519,-0.3395747067275052,0.16721313200729726,0.34958111425790805,0.3497889055441572,True,2.4782194085888154
285,1,19.6944592854104,12.333031009898638,9.685543018628241,52.475987528181875,1.1278836539318389,38.09072346153296,0.4116237345443805,-0.41184712318423455,0.04116900792488862,0.41224966365717647,0.41207081977617666,True,2.9770994892735363
286,1,9.977650524932747,6.347653464742262,42.897656171611565,75.86163326349599,-25.44988580535859,55.688607528614654,0.23812663318330657,-0.2386082743984353,-0.744836131217116,0.4421699431421851,0.44190402779274757,True,3.1733047726650785
287,1,18.48311316103278,6.986348563470172,74.48155030592606,148.57204828070414,-14.460396790590986,76.40717088212722,0.003844958182607727,-0.004704805785474532,-0.0024984504485783786,0.00445367035583908,0.003959522148032082,False,-0.12057759351387709
288,1,5.557107908306873,4.585172274797499,64.24381645815623,43.4415045336389,-28.272204147833378,55.928728695746216,-0.08153176232399006,0.08100818792495144,-0.4427772484135471,0.23583411921284864,0.23647006518752564,True,1.5646500768216285
289,1,19.70730829322379,13.388483076914307,-3.324972273004584,30.926326222246114,0.6253784729025486,29.854227076770616,0.473959493790578,-0.4740426856375137,0.03305176386146602,0.47428908676427656,0.4743140352227928,True,3.412008327111618
290,1,17.016273479627827,1.1071584249337676,118.62055019234725,218.22786043271768,-14.55396377888106,101.58746649109516,0.00015185799883032122,-0.0013833217455101786,-0.0004363629865666438,0.000797995849531613,0.00012360936930710945,False,-0.5199891445828992
291,1,16.79942755290736,4.092986442392572,93.83016845072592,177.17954200835112,-14.120602136184587,85.3840890534541,0.0009087325027811984,-0.0019096244095715776,-0.0007872402831791273,0.0014631202060038186,0.0008926146396349408,False,-0.6374544719575947
292,1,13.000041886497698,9.946355350294972,20.66196164179462,57.58992707855255,-8.64661271649726,37.06317947463804,0.028902152408410764,-0.02919473220584068,-0.015965390846464866,0.03012532865697082,0.03028068642920395,False,-0.39036221205002697
293,1,3.133251939111856,4.666768930692691,43.47602969259029,6.416096031030385,-0.924981738646434,33.509232513315524,-0.0006040255540154947,0.0003570626714875329,-4.754864509221588e-05,0.00048113185584896167,0.00024017691066175132,False,-0.6889319266572596
294,1,15.887305652837211,10.92287434892251,19.67374400340247,64.27228974787171,1.137956168896577,40.1853636614821,0.25907886022839066,-0.25936273201952087,0.023102489949401894,0.25947803838398925,0.2594357602255521,True,1.8429769565787382
295,1,11.234173168462652,1.3273956922307326,110.2697455470645,172.66832682787373,-36.121645240564156,92.8743580166526,0.0002904186283029988,-0.0013907868559425534,-0.001764177986172457,0.001218480185225926,0.0005995574500470142,False,-0.26026305460897525
296,1,3.7701177467597566,3.659351218780682,88.7616368630191,34.96118892988739,-12.384349726809802,56.137888358486315,-0.0007043341547280837,0.00011116935097382102,-0.0003848430957640052,0.0004508741997967171,6.685210241865964e-05,False,-1.2903045933866846
297,1,19.382870071768796,11.837914190018054,16.643303660346234,63.74041670024299,2.119584300932281,42.54255318803974,0.3629434309390611,-0.36324303779221057,0.06642242553363567,0.36460894324679066,0.3643539244031872,True,2.6283791707845836
298,1,15.343299029523026,10.620283885792213,19.7389376700129,63.20371125403969,0.41490887528512554,39.027176472197986,0.2565102559832724,-0.2567775811863616,0.011205327030353263,0.25670506575647173,0.2568029149473399,True,1.8084354179128095
299,1,5.2785751698448955,0.6272444485531181,98.57364356173571,131.89948151376402,-42.14460920604756,87.82689522128543,-0.00021264544254641273,-0.0008116689856410219,-0.0013808123265120608,0.0007525742299317172,0.00016490070824274816,False,-0.10932415205211932
300,1,12.832839144010336,0.6469386117947883,118.99801230943257,196.4881923064855,-32.70334234282682,98.92842246316167,0.0001313907352468572,-0.0013156788833234806,-0.0011665223266590996,0.0009293525729753297,0.0002708489348633303,False,-0.11544353079302816
301,1,5.640357898611676,5.190911336888633,43.22091297338495,32.97925576616028,-27.403167507567563,50.44224551818242,-0.09701304033322788,0.09663362673505317,-1.187153340000408,0.6014216666243364,0.6057199180429127,True,4.173719868547389
302,1,17.394922256525398,6.2437558741462125,82.30530287001534,158.71787228920869,-17.595580517729136,81.08652027748468,0.004423210219484216,-0.005348696950240213,-0.0041256336957094224,0.0053035606700801655,0.004775739456522738,False,-0.03589984151431658
303,1,12.134400257810512,8.577574368173622,28.025319780432746,63.76079193158466,-15.660072144327154,43.227967631889804,0.13051025176613829,-0.1308543719857329,-0.22847691436270068,0.1735750320075284,0.1732693756603266,True,1.2441924378091116
304,1,10.070532489846775,6.9401542028655285,35.14166029920146,66.97462037770693,-22.34818318502522,50.11616893503921,0.20701014910525783,-0.207423952401713,-0.5835462143955088,0.3578693228076484,0.3576972224627662,True,2.574472920596504
305,1,13.752655640364488,10.641493221414992,14.609831973906896,51.035196928995106,-2.1804249201015344,32.92677012013385,0.01768773793536349,-0.017912610164693255,-0.009455717121304275,0.018417351676634598,0.018194541690045602,False,-0.1550700594569019
306,1,19.40176757863419,12.864371229675493,3.035579253898991,41.433926650422976,1.2805946223721787,33.83194697869378,0.4471001743295022,-0.44725145781904346,0.06272683977632668,0.4482743296116487,0.44820246389513047,True,3.222992065200396
307,1,3.164383753932657,3.3298502765858657,83.76056086598481,36.23668101089788,-10.190428872459174,49.716631181030664,-0.0005927129231761594,3.125767106099424e-05,-0.0002663816442631991,0.00033922650356105443,3.1620339702349853e-06,False,-3.981323549327149
308,1,0.3019714508188556,1.8363679837559728,73.73972484415387,62.02619951366521,-1.7102719472238432,24.94653440163451,-0.0003699061266344177,-0.000217630297338065,-4.446707062782007e-05,7.931779207421165e-05,0.0,False,-13.475672459929955
309,1,16.779573002245932,5.352307163233405,90.63213861806025,147.57480699739295,-22.320918379727015,71.17230028106155,0.0016203460742373812,-0.0024978125716291957,-0.0014919536904576044,0.00219004317577278,0.0017498496063493997,False,-4.303697157984059
310,1,17.51172188390272,13.648221284486333,-2.428034414741541,25.07039717230243,4.82177506595313,25.36804317682356,0.18588699669426156,-0.18595412638549202,0.12516890677829562,0.19617152955850023,0.1964318869329782,True,1.3862168138355067
311,1,19.73915151971306,0.6196257504971697,123.19452803042572,231.74163804538387,-1.2846702427186762,106.6294283910233,7.976482215493128e-05,-0.0013870316738477549,-3.472029203983144e-05,0.0007336036837702442,2.7853308432734853e-05,False,-0.6714186601486727
312,1,0.6855538330825036,2.445728821360191,73.8180020101416,48.49862981375086,-2.5257201249816883,30.52808999279491,-0.00043478320555452295,-0.00010563136700144333,-6.566872324952396e-05,0.00016781933294177933,0.0,False,-10.900582560822913
313,1,8.372626486768269,5.21336594886496,59.95746558488764,79.52063380844616,-32.714847511850515,63.58357426145883,0.11753973465514522,-0.11814673805745145,-0.7958602282939098,0.41501253487085776,0.4165297145735867,True,2.7753034404433468
314,1,19.38827432673061,0.2624828933534133,128.3081750161126,236.23330293251496,-3.0581007354677463,106.93643659906884,3.2553978035197994e-05,-0.0013763970228952132,-7.988323321341331e-05,0.0007056068760243618,2.9680221614239426e-06,False,-2.1431622319312833
315,1,1.4954866038295551,1.5702844607738513,76.47304119995005,70.93694408619994,-9.974011949875367,30.394045728434335,-0.0003550463180890521,-0.00028307705561030083,-0.0002593243106967597,0.0001345628782949489,0.0,False,-12.485734989958393
316,1,10.061355843865122,0.311182029725503,118.82287612215427,177.16618684767968,-40.99030863867541,98.14671706030931,6.708093783488946e-05,-0.0012411775576766386,-0.0016680393322377482,0.001059940505991992,0.00040777904278942477,False,-0.16316029018344658
317,1,8.342353300898049,1.7265032241241178,104.02127081535514,140.85791271801708,-41.347874168592654,87.76598617683766,-0.00017069267077399197,-0.0008549816567251282,-0.001355180403372677,0.0007590726812992557,0.00017369871599409422,False,-0.20966675590816486
318,1,18.863696141345454,1.1425326983678243,118.53568135338625,223.99889233717374,-5.511980544206389,103.87648848309239,0.00014691498130110515,-0.0014092711887189087,-0.00015953437140893274,0.0007821711148179795,9.294941973419953e-05,False,-0.42837804372027044
319,1,3.7582519391128066,4.329328398315327,57.280712224402706,14.582534240601028,-1.902305054251382,39.47089542783762,-0.000759602708077111,0.000411023771226166,-0.000247478901029822,0.0005982499812998145,0.000324565326610223,False,-1.2314130270007677
320,1,16.788403991593274,3.4391034016700988,99.09213427420079,185.37788161645696,-14.848119620153332,88.68533278019463,0.0007208980099495559,-0.0017673021239395037,-0.0007269845264751746,0.001296114038966081,0.0007043323858904876,False,-0.5460916422647717
321,1,17.937138527821038,3.748617954341372,97.56474837447894,186.8653323585145,-8.98363376951828,88.75952187607643,0.0006682992754765498,-0.0017260839514986548,-0.0004151536172816849,0.0012150538633700833,0.0006234712279079203,False,-1.0108504381900563
322,1,13.222361612673756,0.28399803857313555,122.78673475516717,204.52203462546197,-31.61919985550108,101.00946752599786,4.84913421695658e-05,-0.00126608461073451,-0.0009917377317233658,0.000823354975766447,0.0001519211984916087,False,-0.26791467110049716
323,1,0.30502116982028976,4.278312163512838,54.84462807718999,12.97989028895219,0.0337111579658792,38.35867699380068,-0.0004583407402582786,0.0001326732373524188,5.161289899644817e-07,0.00029550710148842116,2.3386887278351173e-05,False,-0.9608786549761099
324,1,0.7216878364861826,4.694978830179504,43.47935391671685,5.310525583985341,0.06398329965829523,34.343789685018706,-0.0004378208925625364,0.00019553351175696456,2.08179501301413e-06,0.0003166789128365615,6.858026119979637e-05,True,5.284058808463499e-05
325,1,6.098205366352182,4.214279995962442,73.01200514913856,63.71784197586723,-33.39629599881128,63.38386473651128,-0.0238478491188768,0.023207388079694177,-0.3350721314547306,0.16918002883424954,0.1687496331905243,True,1.2204168737003425
326,1,11.565366887359062,1.704586639345374,106.9468935480005,168.98612920030152,-35.067556565558846,90.86138590713198,0.0003513069523121454,-0.0014169710581176836,-0.0017705297542757066,0.0012511577371524013,0.0006448302960265396,False,-0.003094271067650922
327,1,17.949220663619574,9.119438706710076,45.580199189401654,109.5140826537158,-0.5450902325809125,59.79204137273691,0.18534551792168785,-0.1859318399724513,-0.012321916250328274,0.18574088544591685,0.185467752477761,True,1.2977070114495088
328,1,17.682672945356128,2.1876466332911453,110.22218629227558,206.8881525498638,-11.217934952931955,96.9962052840255,0.00031899484684379926,-0.0014882740987733456,-0.00038708896891250313,0.0009241291727412693,0.00027944476671919774,False,-0.6940887777707783
329,1,8.372793504599434,4.215800024052878,95.55161821930821,91.75928033228469,-39.163826250273154,74.85284011740478,-0.00019836221322358516,-0.0006200166233329861,-0.2619874253524695,0.13099388233354387,0.13148824405440784,True,0.7185793086349737
330,1,10.655519372743854,7.124610287371477,35.506148358552736,69.79648575005942,-21.50475563223752,50.24407543197767,0.2219704674551306,-0.22238584391633937,-0.5643833215895488,0.3591591099861282,0.3588962938744707,True,2.587654225059657
331,1,17.5010903472612,11.787398046559906,16.86735033129123,60.4734887088807,6.799399596453146,41.01666005452677,0.3220473000245604,-0.322329192570433,0.19916860773388934,0.3372273708181475,0.337163077819802,True,2.420049561871906
332,1,19.320862179098103,14.750004146003983,-18.49237090680845,3.8966126915011525,0.37725983412638214,19.675612092509596,0.4368659909489414,-0.4367807331614477,0.027807241190187987,0.43704457473220726,0.43734036094203077,True,3.150313612504716
333,1,8.90287346890189,5.089501177344576,56.62238574916575,78.8552434805181,-30.720174510367446,60.569437914521814,0.13115013883302132,-0.13171184984641976,-0.7434021829634833,0.3942534815088457,0.394017118585051,True,2.8248049965907693
334,1,12.72490128808991,6.0031669023509115,68.00002357045706,114.69218200355479,-27.634836153084834,68.17319375582613,0.16691831853001332,-0.16761665626359612,-0.3970387757725905,0.2595926803798396,0.2600368809683933,True,1.7289577351139567
335,1,13.222238451885934,6.869903463634688,52.12584192108811,104.05432695704988,-20.507199297630482,61.416371934392096,0.31100910940310356,-0.3115834148593095,-0.492012458525792,0.3967674730279807,0.396901294930533,True,2.816974558399499
336,1,12.695289773812126,6.9798675046952425,47.855568344903396,100.37562280897944,-19.62652431062178,60.68784728577463,0.34898318275579987,-0.3495399995400441,-0.5262102252410185,0.43727332337821506,0.4373536975730608,True,3.104037245188552
337,1,16.240819267786357,13.645285333356094,-0.7043691947992139,23.57084706507879,4.837461071326321,22.78256399748311,0.010816101327926209,-0.010884286495732365,0.00882920699227624,0.011713899092634025,0.01171260517368781,False,-0.1534448519498266
338,1,18.393124041971262,10.495481045721649,31.98336422710861,88.05020734443306,2.2995395546300856,51.77296083261732,0.2630607331316091,-0.26351625851413296,0.04499065577623451,0.26424774702817033,0.26403380951645833,True,1.8598114875259686
339,1,0.23473116963878693,0.6749305879137341,66.46760672057401,91.42468168571268,-2.1358179037650626,33.51816648320602,-0.0001673336631886892,-0.0004917756377354919,-5.553126549789162e-05,0.0001645800081234242,0.0,False,-11.89768471031679
340,1,18.50214711714527,8.006714567799309,64.54822530510785,138.34153271374518,-8.166767962823464,72.21421171863453,0.026985696100713812,-0.027778894235830236,-0.011745468507451205,0.028004983418978405,0.02753456639631204,True,0.14680331449181772
341,1,18.778587598649363,10.864538609206102,28.805128986761623,82.42769670884212,4.458586085637562,49.81550755261183,0.27335728902757667,-0.2737808680467226,0.08879096485811569,0.27714797417945153,0.27682208344135123,True,1.9878799186718332
342,1,6.251860250346838,5.372044703224631,40.20139935852634,39.00454109961287,-28.051501269381152,50.736016730613635,-0.013296600853321405,0.012917670257023551,-1.219023123344143,0.6096524754435014,0.609661684814204,True,4.370348049433426
343,1,10.48390894429525,6.002218993400117,53.12113512081294,88.51351188805518,-28.239084766523987,61.72717430438371,0.24254467296778948,-0.243113378660474,-0.7734943166683106,0.45666103431033445,0.4567517545091424,True,3.245236944316476
344,1,1.062200949493069,1.1612660291835863,72.51261272914368,79.87947594840381,-8.2398372485871,29.4435431992086,-0.00027647371970274934,-0.0003722429415531309,-0.0002142357684632645,0.00011733361447478838,0.0,False,-12.998005512014723
345,1,16.87769878819694,0.5287732917769749,123.18842330213073,225.4058692868683,-15.380562299928116,104.57185443220035,6.744451105554921e-05,-0.0013383321045624744,-0.0004205033522920008,0.0007336605077124015,3.983760483937079e-05,False,-0.3618063741305573
346,1,17.237037371583597,4.43301491147432,90.69610563246235,175.76029024772927,-11.728275858154445,85.37731525077477,0.0010048415599913972,-0.0019947868968539922,-0.0006946531874820911,0.0015395059215537045,0.0009669133382795951,False,-0.15113036190008522
347,1,13.510417015151104,10.08286478274539,18.37052895162017,55.54310824164783,-7.0663312541048695,35.82058120669226,0.055339285757550205,-0.05559530911537358,-0.03841825225643658,0.05869933229189861,0.05854463151111803,True,0.33705588846309276
348,1,17.93108316009486,7.163830776949314,68.61749204883283,142.82088471291178,-6.624853906590492,72.26684147316371,0.014261561546967217,-0.01506765493041726,-0.007722091790841299,0.015164379651039634,0.014892257745546743,False,-0.3887454770580181
349,1,17.83805165874554,0.5697348483630861,123.29327428185648,228.9322269163555,-10.71961289143374,105.74065091991368,7.108264720303596e-05,-0.0013623861261564522,-0.00028929471712656256,0.0007311846821347692,3.054940831085098e-05,False,-0.5261583677154587
350,1,14.917757947223542,12.751628327779931,8.891587613424075,42.361276176478526,1.9593043622820214,30.05604552754778,0.0005107022781045689,-0.000697620783693953,0.00022149479675404038,0.0006142280860281603,0.00039856444255773077,False,-0.37011968457969324
351,1,0.5367026204576426,1.261298571669706,71.97668679269398,76.2838748662343,-3.9078047590191916,25.46921856230626,-0.00028749224709685836,-0.0003434856920528824,-0.00010160292373449887,5.8005215260012795e-05,0.0,False,-14.343515636407675
352,1,13.821403335568831,9.142340122990712,29.335365086750542,75.96478593043412,-10.109830243533066,46.28690943678953,0.24803498977998606,-0.24840736643859618,-0.21677608056569386,0.27085368843403346,0.27057338159653027,True,1.9455333766402436
353,1,6.616680700837702,4.45851554772596,65.07705344803907,63.12986184163236,-32.341529599744945,60.40307561092828,-0.007094740906853962,0.006508866650680154,-0.4748383510766094,0.2375165877321691,0.2371519967963567,True,1.6973836525701724
354,1,17.956669800405813,11.403914517416922,20.84922473534524,69.28129515654399,5.168143639259514,44.77100239886862,0.35809063955274634,-0.35842468081571643,0.15353482995492787,0.36639021149998313,0.3662973578523087,True,2.586023099750369
355,1,19.73752884576182,14.392861288860225,-14.745539701756966,11.604743691763709,-0.0918943126544313,22.86997447899341,0.49472101964968196,-0.4946819562370848,-0.012115021489807282,0.4947385729957005,0.49480109895962193,True,3.56879007023292
356,1,16.815258648339896,5.96701766123977,80.54735733689421,151.4009640138858,-17.424944628689563,76.09487843690904,0.004827239443363497,-0.0056951758556243615,-0.0043258789290464535,0.005688463154340148,0.005259089953314251,False,-0.6803456041516664
357,1,18.782324790714693,9.588795140021974,43.982360164248966,107.1800572019218,0.6287631760889892,59.16263138347802,0.14887627589772723,-0.14945972495807372,0.005408213774521192,0.1491925083431331,0.14899526739795163,True,1.0280035574284927
358,1,11.074157360138813,6.7646696756207865,44.27497153177371,85.10143616361049,-23.729723795531456,57.674027580418574,0.28913492157811116,-0.28964633167921877,-0.6667577796739314,0.4414616845995347,0.4412254555977378,True,3.151413751418966
359,1,18.717864781347128,14.39725608482208,-13.986292803201884,11.22281344795169,1.3500650956728315,22.002512219793626,0.41491748088838154,-0.4148805440635496,0.08931482768122817,0.417295429120022,0.4174605003473047,True,2.998339266115835
360,1,6.687085594527557,5.010541192897013,60.243991867844706,56.97830309707447,-32.40205079771906,59.999566802666905,-0.02038824857636401,0.01984146246494351,-0.8705542481856774,0.43574164612892957,0.43538438253170364,True,3.101122812045112
361,1,17.72768987949589,4.280705877160098,93.82432873582916,178.7199783729066,-9.224795856133097,84.77882687696382,0.0008591252763830112,-0.0018750253013893115,-0.0005048338456622516,0.0013901831348476054,0.0008260416271229509,False,-1.7063402873651459
362,1,17.9501171162078,7.827053924136288,65.56950570731446,132.4500727328482,-14.303798414418646,69.46633602318292,0.03137630657267575,-0.032137453279484224,-0.02320469724022233,0.03380996770394875,0.03362509965959858,False,-0.19213628683613315
363,1,17.217711320353036,3.068264305878717,102.79451546067355,193.20335238098608,-13.132678657374226,91.72361659235415,0.0005523221528128323,-0.0016447868812015617,-0.0005555368543339793,0.0011331272329124116,0.0005220461203676314,False,-0.6507701854070564
364,1,17.718144524714837,3.2143805076706236,101.71317074031018,193.30496082202325,-10.526777415716758,91.6021192878086,0.0005496660948871428,-0.0016425067852184642,-0.00044139530932899745,0.0011180844953947078,0.0005077698177504809,False,-0.7466729747649392
365,1,18.39374181435573,9.986552462935153,37.934041465942,97.95310376899809,1.6931193114476677,55.75518075600546,0.23093664274705966,-0.23145555242649368,0.025241074815247733,0.23154030643456358,0.23127192139990727,True,1.6542781764123635
366,1,10.995428896604238,6.23477911977269,48.96015904535098,90.66445757959954,-25.055577007025104,60.26366839338136,0.2904676715532939,-0.29101548083209894,-0.6951259248291208,0.4531342813884187,0.45312191612181457,True,3.2209436811218186
367,1,13.27969583556792,8.923734849746518,26.74952084143353,72.92734724024314,-8.920669944675813,44.99667343265164,0.2430639470705933,-0.2434191796053089,-0.1879062499009987,0.2607559161803517,0.26068397311275376,True,1.8630733678933282
368,1,0.5856083626212435,0.25826392124706704,61.639822042906566,103.28314935118745,-5.9293274346626,45.71933944028754,-6.93527987265638e-05,-0.0006107160537342153,-0.0001541625133012276,0.0002814428247352518,0.0,False,-9.139432026303416
369,1,15.368263249027288,12.408970738736592,10.10138420234335,39.495249921451595,7.255809316250917,29.055708307686206,0.010514719683763829,-0.01067561404566586,0.008708911808229747,0.011455079533204135,0.011253912426480045,True,0.047840931451117896
370,1,17.360141686434297,0.23955618189955052,126.96876446159254,231.13137426619875,-13.252029992750067,105.83415299055586,3.005305359863759e-05,-0.0013395427584334712,-0.0003481520221513928,0.0007065766976882261,7.9473784251329e-06,False,-1.2942096680839281
371,1,12.846594941964659,9.344483530345146,23.32150347223777,59.79133084047987,-11.78979627952659,39.35250376378805,0.08263993957359161,-0.08294100726076725,-0.10264421221950709,0.09740750004071297,0.09728657903639083,True,0.6497260182212052
372,1,17.502058811623474,12.397430014088881,10.255797111619913,48.91482387270543,6.718874043411296,36.35533401718234,0.32499468474882565,-0.32520493175767173,0.22756412012758742,0.344436122552005,0.3443610067520977,True,2.4588203174783363
373,1,7.158486474746023,4.2063791293711725,62.807582016403224,74.51690505599677,-32.025149618951474,60.97987566980067,0.03151558368795425,-0.03211914412171987,-0.3635643198842347,0.1845456537528705,0.1843556340656102,True,1.30132290597294
374,1,10.587671633338807,0.6150505924568849,116.63655762917904,176.568288290885,-39.19299334965126,96.24388193221455,0.00012875131938837802,-0.001280041586402092,-0.0016700825243718053,0.001092459734912191,0.0004529131335235694,False,-0.369800549730817
375,1,17.625749157193976,1.1481199815198788,118.4020995117056,220.4140164311411,-11.599184127220804,102.44445232014787,0.0001540323342206039,-0.0013972617492315114,-0.0003446774254092628,0.000794562121696645,0.00011463022668528963,False,-0.4947517106467867
376,1,18.82918906716029,7.49931982341839,66.29856159889273,141.55048124663074,-1.349444027616783,72.10632705006306,0.0070516377544656925,-0.007851627311451198,-0.0011074626931731222,0.0074721781168838085,0.007001378849050054,False,-0.22149685688987297
377,1,11.60739196955455,6.882534721523672,43.36483766057879,86.81275501120007,-21.85993724703653,56.73817870414388,0.2989022184445892,-0.2994022432711161,-0.6061772719332128,0.4258576974522452,0.425586436485456,True,3.0518104432638324
378,1,13.791163404390018,0.5952073061513277,120.6935776979576,203.60132634136136,-29.21037938248341,99.08509653504841,0.00010441600360005013,-0.001296692908286452,-0.0009527526704548519,0.0008471782330222239,0.0001883763637301498,False,-0.3749017610047627
379,1,7.239255246546672,5.133912615614332,51.83232261686428,56.09271839180656,-30.37490639010652,55.90834941491172,0.029314596531322235,-0.0297969827164652,-0.9321534306533684,0.4670129005391638,0.4677263411751204,True,3.2768911237167284
380,1,1.3650676563520443,4.369951600819842,53.255084648991826,11.479732760138084,0.3883929597914036,38.13517789176678,-0.00044868848318311373,0.00013565644472094307,9.830022704156866e-06,0.000292213801912898,2.063311243590225e-05,False,-0.5763402523867764
381,1,17.215355220861813,5.066468600416852,88.57796126201661,171.65210550857728,-10.021144672582956,83.07642954693748,0.0011274465569487335,-0.0021087314885554296,-0.0006751475574877645,0.0016529271434779604,0.001097940435331991,False,-1.2500854609374716
382,1,18.84183974123464,13.857167733167662,-8.379577450755301,21.200321871749008,1.5926630142990466,25.781410886350034,0.43453373563369746,-0.4345576158646165,0.09054832236059784,0.4368978072534482,0.4370139815860606,True,3.1484163690849805
383,1,11.518737341774917,5.990387525057561,59.11604257580994,103.03404078340859,-27.59238078894674,65.79781729401475,0.2551629900286656,-0.2557991890449955,-0.6503954795400206,0.4135506704896625,0.41408767567976623,True,2.9097466011787017
384,1,0.6886035520839378,3.6376730011170557,64.81835865769567,24.304098282602496,-0.3078199940075965,38.50928155949983,-0.0004695583190637921,5.7127065812419015e-05,-8.003319844197376e-06,0.0002633730945686799,0.0,False,-4.556595464759138
385,1,1.1111066916566703,0.5748980454276146,67.04026936723581,95.67964492347214,-10.413252585430774,40.31665740488849,-0.0001540779274507094,-0.0005263898096817817,-0.00027074456722120003,0.00023017317302969885,0.0,False,-10.423577185046183
386,1,19.43841774798157,1.169496889048045,118.35618987472395,224.41291860418343,-2.7713643896944355,104.04186036847011,0.00015098925662921937,-0.0014155745842454972,-8.046878570662978e-05,0.0007843145881929718,9.401812488423664e-05,False,-0.4216401565394161
387,1,8.913404364843851,4.467443093604598,82.46138239595382,103.54010148616379,-37.365395123446454,73.96131619598759,0.047594377774050164,-0.04839512870024193,-0.29509393405468454,0.155156707290604,0.15535949846938538,True,0.9260330400759837
388,1,1.3319833719497993,3.72931243842406,64.6786406959123,22.892710919819518,-0.46365999431272115,39.448647726330194,-0.00047550678659280424,6.771030049640203e-05,-1.2055159852130738e-05,0.0002716754178172653,0.0,False,-3.76182492881372
389,1,17.888504630380165,9.712155293242212,38.99245993397211,99.13612179874704,-2.0434755570021976,55.90993962234843,0.24138075679086407,-0.24190104851005334,-0.026476893087308828,0.2420032691940703,0.2418901674361615,True,1.6916474205722807
390,1,14.368053811176713,9.969084500203357,25.903191602539696,70.42592223870008,-7.598579108646585,42.74504732236741,0.17343395412440898,-0.17377016810538048,-0.11875519675257795,0.18347581533345347,0.1833531514189799,True,1.2739227895246223
391,1,12.083925132377383,1.4515153879436422,110.58958403101914,177.44645855903332,-34.39035741487769,93.21731851437232,0.000326983442908965,-0.0014266934435456383,-0.0016233720032917678,0.00119485556482328,0.0005732393358161583,False,-0.008304989351726633
392,1,8.873765200373972,1.4745100877270627,103.4725264902573,148.2725981886469,-39.81129317120776,88.51962150962481,2.1116499127848162e-05,-0.0010531630360406498,-0.0016849902300272146,0.0009991582200744047,0.0004075347907989862,False,-0.008476372498352092
393,1,18.56520629944664,13.410519758522938,-2.4373408037714084,30.340624988840652,3.0894335616037427,29.07345975943525,0.3912884149690388,-0.3913740019065608,0.15064149906334612,0.39851390189979785,0.3986433003358126,True,2.8718920799650167
394,1,18.006926398434906,2.6801969702209667,106.2919758963829,201.58035259082823,-9.47065467385635,94.8704435739393,0.0004019970823574992,-0.0015416797650560695,-0.00034804886925561844,0.0009872965236647072,0.0003561485222834039,False,-0.7384561107877072
395,1,13.261776130408776,6.255459501908369,62.30380881341239,119.21014888833975,-21.591510185191396,67.18992802896555,0.21545149166187763,-0.2161330477473556,-0.3223208300718299,0.26933062031417515,0.26959078860807245,True,1.8360016733861553
396,1,15.749032672520215,13.282973482085637,4.629659826130547,30.385763788357846,6.059456416272937,25.064112547904596,0.0032272850928046493,-0.0033450798227692147,0.00719495735081313,0.004872458103039116,0.004867995772937322,False,-0.6583137226241131
397,1,18.01310280299698,4.809960622383234,89.35494663073732,170.8224167414771,-8.975860067899902,81.33458673396783,0.000983379554259528,-0.0019547867694970703,-0.0004891766180527466,0.001489304796684252,0.000948268174389077,False,-1.935204394266604
398,1,13.898677570618974,9.699598236039757,22.758478120456125,66.55095806567122,-5.608317063072452,40.89370237311969,0.18531357191713194,-0.185620767455013,-0.09491816001008635,0.19144303410228194,0.19142863292801904,True,1.3320508987605564
399,1,17.88921616065241,10.82226857044565,27.30167344597497,80.15119218372158,4.6010797744512,48.96711148726551,0.3264258435924199,-0.32682818422897164,0.11156437874081715,0.33135609073498856,0.3313701640277384,True,2.3461944027339108
400,1,19.44483713898561,13.852772937205808,-8.726997328635134,21.535442606341054,0.9357856351814059,26.273866462219644,0.47539392238303885,-0.4754175741172515,0.06192987673838018,0.47641311157176197,0.47646195459745116,True,3.440786880602122
401,1,18.86266298260801,12.882013115322273,3.6486769707569358,41.268007748216625,3.3797272679208574,33.62861677309331,0.40896551990459684,-0.40911978923617287,0.14241144176201603,0.415194108754172,0.4152175153443442,True,2.9914630058605933
402,1,18.01110616888074,13.291369741665894,0.022863681280180792,33.059835019825925,4.337584966101823,29.871362620195317,0.3413558769051275,-0.3414639358215016,0.17600425829436608,0.3525692824076492,0.3526212446130465,True,2.515749010042919
403,1,18.525755558817924,12.425287316295409,9.324074972076696,49.90808262791725,4.958984419546655,37.08519434449946,0.3851012885621079,-0.3853128985387496,0.1921355054509713,0.39700569017999454,0.3969688619318261,True,2.838112322599885
404,1,17.695483753680175,5.268310246174607,84.29354193188817,160.18217161694676,-10.196486633825023,76.47181054567383,0.0011574613845615235,-0.00206438063063224,-0.0006195381981578146,0.0016404339021920727,0.001131753730598134,False,-2.1833135003617716
405,1,15.869961485971347,12.69224596509224,4.971279747673659,35.118914463851155,1.2331399444265965,27.23883566207617,0.021195055741972002,-0.02130604029021277,0.004387618336971211,0.02136348730081256,0.02122720773657837,True,0.08954943961460415
406,1,17.984504436065414,12.64730365216652,8.226863595538024,46.60347049428532,5.912905371733435,35.593386906939934,0.3361158709291504,-0.33631290371515465,0.20257492644068475,0.3511399499459192,0.3511716465406641,True,2.5186932766116943
